accuracy:
[0.28997358679771423, 0.43002015352249146, 0.472809761762619, 0.5025066137313843, 0.5200771689414978, 0.5303539037704468, 0.5402969121932983, 0.5454005002975464, 0.5481469631195068, 0.5578431487083435, 0.562171459197998, 0.5680468678474426, 0.5704526305198669, 0.5729314684867859, 0.5752676725387573, 0.579759418964386, 0.5825441479682922, 0.585864245891571, 0.588516891002655, 0.5913780927658081, 0.5912355780601501, 0.5989187955856323, 0.5990995764732361, 0.600243330001831, 0.604964554309845]
val_accuracy:
[0.2841365337371826, 0.3755020201206207, 0.4442771077156067, 0.4254518151283264, 0.4723895490169525, 0.4866967797279358, 0.4947289228439331, 0.5042670965194702, 0.4934738874435425, 0.48619478940963745, 0.5208333134651184, 0.5183233022689819, 0.5235943794250488, 0.5173192620277405, 0.5153112411499023, 0.5401606559753418, 0.529618501663208, 0.531124472618103, 0.5366466045379639, 0.5399096608161926, 0.5379015803337097, 0.5288654565811157, 0.5419176816940308, 0.5449297428131104, 0.5414156913757324]

MobileNetV3Small_E25_B8_A_2.0_AUGFULL_SHUFFLE
Images: 3999
Errors: 1822
Success rate: 54.439 %
Confusion matrix:
[[225  13  69  64  26  28  39  36]
 [ 13 352  20  43  11  16   5  40]
 [ 46   5 311  18  46  32  38   4]
 [ 29  28  29 285  90  15  17   7]
 [ 14   6  42  76 322  19  19   2]
 [ 19  15  54  29  37 251  86   9]
 [ 53   7  42  22  40  63 263  10]
 [ 75  97  36  24  11  45  43 168]]