accuracy:
[0.19631831347942352, 0.41525518894195557, 0.49516060948371887, 0.5271068215370178, 0.5456299781799316, 0.5611632466316223, 0.5713948011398315, 0.5786017179489136, 0.5880023837089539, 0.5922124981880188, 0.5980530977249146, 0.6055451035499573, 0.6119385361671448, 0.6147406697273254, 0.6179738640785217, 0.6220623254776001, 0.6259108781814575, 0.6311743855476379, 0.6354192495346069, 0.6370219588279724, 0.6394625306129456, 0.6433562636375427, 0.647587239742279, 0.6513106822967529, 0.6547455191612244]
val_accuracy:
[0.2560240924358368, 0.37525099515914917, 0.43549197912216187, 0.4575803279876709, 0.48343372344970703, 0.4874497950077057, 0.5326305031776428, 0.5230923891067505, 0.5436747074127197, 0.5484437942504883, 0.5662650465965271, 0.5509538054466248, 0.5504518151283264, 0.5622490048408508, 0.5401606559753418, 0.5622490048408508, 0.5627509951591492, 0.555220901966095, 0.5584839582443237, 0.5577309131622314, 0.5687751173973083, 0.5547188520431519, 0.5559738874435425, 0.5496987700462341, 0.5655120611190796]

MnasNet_E25_B8_A1.5_DEPTH3_Adam0.0001_AUGFULL_SHUFFLE
Images: 3999
Errors: 1725
Success rate: 56.864 %
Confusion matrix:
[[229   9  42  80  27  27  42  44]
 [ 30 359   2  35   2  10   6  56]
 [ 64   8 250  34  49  33  54   8]
 [ 31  27  10 321  73  17  14   7]
 [ 11   8  21 118 299  20  21   2]
 [ 28  21  18  28  30 300  64  11]
 [ 54   3  27  29  33  64 279  11]
 [ 78  67  13  28   7  31  38 237]]