accuracy:
[0.12073737382888794, 0.14188362658023834, 0.18483324348926544, 0.2746439576148987, 0.3390214741230011, 0.37950602173805237, 0.41729599237442017, 0.43453076481819153, 0.45342400670051575, 0.4719591438770294, 0.4847087860107422, 0.4975523054599762, 0.5082575082778931, 0.5106983184814453, 0.523576557636261, 0.5303425192832947, 0.5395388007164001, 0.5471218824386597, 0.5501015186309814, 0.5559252500534058, 0.5590718388557434, 0.5599479675292969, 0.5661054849624634, 0.5697388052940369, 0.5723429918289185]
val_accuracy:
[0.14683735370635986, 0.16340361535549164, 0.2254016101360321, 0.2565261125564575, 0.31576305627822876, 0.3534136414527893, 0.4053714871406555, 0.4071285128593445, 0.4367469847202301, 0.44754016399383545, 0.45707830786705017, 0.4718875586986542, 0.4849397540092468, 0.4949799180030823, 0.5045180916786194, 0.49748995900154114, 0.5173192620277405, 0.5248494148254395, 0.5203313231468201, 0.5243473649024963, 0.5215863585472107, 0.5451807379722595, 0.5449297428131104, 0.5396586060523987, 0.5461847186088562]

EfficientNetV2B1_E25_B16_SGD0.01_AUGFULL_SHUFFLE
Images: 3999
Errors: 1821
Success rate: 54.464 %
Confusion matrix:
[[241  12  66  46  23  16  34  62]
 [ 16 338   6  27   5  18   5  85]
 [ 66   7 307  22  31  25  28  14]
 [ 47  32  23 253  99  23  10  13]
 [ 14  10  56  71 305  21  18   5]
 [ 36  16  64  17  35 263  49  20]
 [ 63   3  56  20  38  79 214  27]
 [ 74  63  22  25   4  31  23 257]]