accuracy:
[0.12662369012832642, 0.11124207079410553, 0.36741000413894653, 0.43883511424064636, 0.45965802669525146, 0.48442715406417847, 0.5045268535614014, 0.516685426235199, 0.5241398215293884, 0.5306693911552429, 0.5369207262992859, 0.5453764796257019, 0.5488359332084656, 0.554416298866272, 0.5572847127914429, 0.5617281198501587, 0.5632370710372925, 0.5674788355827332, 0.5672980546951294, 0.5726037621498108, 0.574408233165741, 0.5786013007164001, 0.5807604789733887, 0.5822415947914124, 0.5812715291976929]
val_accuracy:
[0.12851405143737793, 0.15863454341888428, 0.32103413343429565, 0.3669678568840027, 0.41641566157341003, 0.4284638464450836, 0.4495481848716736, 0.46385541558265686, 0.4731425642967224, 0.4791666567325592, 0.49221888184547424, 0.5012550354003906, 0.4917168617248535, 0.5062751173973083, 0.48995983600616455, 0.5020080208778381, 0.5075300931930542, 0.5153112411499023, 0.5225903391838074, 0.5218373537063599, 0.5208333134651184, 0.5271084308624268, 0.5356425642967224, 0.5228413939476013, 0.531124472618103]

SqueezeNet_E25_B16_COMPR1.0_D0.2_Adam0.0001_AUGFULL_SHUFFLE
Images: 3999
Errors: 1914
Success rate: 52.138 %
Confusion matrix:
[[250  10  75  34  14   8  27  82]
 [ 18 336  12  18   7  17   2  90]
 [ 83  17 286  12  32  23  17  30]
 [ 63  36  45 227  90  18   4  17]
 [ 27   9  56  63 296  25  15   9]
 [ 48  24  60  18  30 268  34  18]
 [ 87   3  75  19  34  88 156  38]
 [ 82  68  29  10   6  18  20 266]]