accuracy:
[0.314613938331604, 0.4602595269680023, 0.5019470453262329, 0.5254054069519043, 0.5395179390907288, 0.551141083240509, 0.5608728528022766, 0.5706428289413452, 0.5776730179786682, 0.5850231051445007, 0.591493546962738, 0.5969869494438171, 0.6023308634757996, 0.6041527390480042, 0.6114124655723572, 0.6170693039894104, 0.6183313727378845, 0.624078631401062, 0.6288002133369446, 0.6320510506629944, 0.635844349861145, 0.6374367475509644, 0.6417515277862549, 0.644859790802002, 0.6476760506629944]
val_accuracy:
[0.2166164666414261, 0.4241967797279358, 0.44026103615760803, 0.4681224822998047, 0.4957329332828522, 0.4909638464450836, 0.5010040402412415, 0.522088348865509, 0.5243473649024963, 0.5193272829055786, 0.5253514051437378, 0.5253514051437378, 0.5303714871406555, 0.5223393440246582, 0.5233433842658997, 0.5394076108932495, 0.5286144614219666, 0.5286144614219666, 0.5356425642967224, 0.5273594260215759, 0.5253514051437378, 0.5283634662628174, 0.5333835482597351, 0.5288654565811157, 0.5281124711036682]

MobileNetV3Large_E25_B16_A_0.5_D_0.2_AUGFULL_SHUFFLE
Images: 3999
Errors: 1898
Success rate: 52.538 %
Confusion matrix:
[[216  21  58  53  12  21  53  66]
 [ 14 353   9  27   4  16   4  73]
 [ 68  13 270  24  33  25  51  16]
 [ 42  35  32 280  68  18  10  15]
 [ 20  16  47 119 251  11  32   4]
 [ 36  17  47  26  31 213 106  24]
 [ 55   8  48  27  25  31 278  28]
 [ 64  76  27  19   5  35  33 240]]