accuracy:
[0.22613336145877838, 0.4460436701774597, 0.49810874462127686, 0.5279690027236938, 0.5415797233581543, 0.5507857203483582, 0.5545995235443115, 0.5630614757537842, 0.5686726570129395, 0.571307897567749, 0.575514554977417, 0.5818697214126587, 0.5860971808433533, 0.5842163562774658, 0.5874078869819641, 0.5891392230987549, 0.5958211421966553, 0.5951084494590759, 0.5983590483665466, 0.6007683277130127, 0.6029133796691895, 0.6058545112609863, 0.6067793369293213, 0.6071547865867615, 0.611900269985199]
val_accuracy:
[0.29944780468940735, 0.41691768169403076, 0.4344879388809204, 0.49874499440193176, 0.47816264629364014, 0.49824297428131104, 0.5251004099845886, 0.5286144614219666, 0.5439257025718689, 0.5371485948562622, 0.5489457845687866, 0.549447774887085, 0.5512048006057739, 0.540411651134491, 0.5406626462936401, 0.5584839582443237, 0.5617470145225525, 0.5514557957649231, 0.5486947894096375, 0.5522088408470154, 0.5657630562782288, 0.5690261125564575, 0.5564758777618408, 0.5429216623306274, 0.5705321431159973]

EfficientNetB0_E25_B8_Adam0.001_AUGFULL_SHUFFLE
Images: 3999
Errors: 1771
Success rate: 55.714 %
Confusion matrix:
[[223   4  79  43  13  22  30  86]
 [ 14 317   9  25   4  22   2 107]
 [ 58   6 302  15  35  32  36  16]
 [ 42  32  24 274  80  25   8  15]
 [ 24   9  49  76 293  30  15   4]
 [ 26  11  63  22  17 290  56  15]
 [ 64   4  44  20  29  83 229  27]
 [ 54  41  22  21   5  29  27 300]]