accuracy:
[0.24430885910987854, 0.4036121666431427, 0.4539702534675598, 0.488861083984375, 0.5128493905067444, 0.5265957713127136, 0.5405958890914917, 0.5441871881484985, 0.5540050268173218, 0.5610137581825256, 0.56793212890625, 0.5720101594924927, 0.5749339461326599, 0.5803400278091431, 0.5839278101921082, 0.5857947468757629, 0.590203046798706, 0.5921151638031006, 0.5972952246665955, 0.5988770723342896, 0.6015053391456604, 0.6078883409500122, 0.6069496870040894, 0.6143617033958435, 0.6152690649032593]
val_accuracy:
[0.21636545658111572, 0.3569277226924896, 0.4101405739784241, 0.43649598956108093, 0.4666164517402649, 0.4844377636909485, 0.48468875885009766, 0.48694780468940735, 0.49723896384239197, 0.4748995900154114, 0.5097891688346863, 0.49899598956108093, 0.513052225112915, 0.5273594260215759, 0.5333835482597351, 0.5112951993942261, 0.5276104211807251, 0.5112951993942261, 0.5248494148254395, 0.5112951993942261, 0.5190762877464294, 0.5210843086242676, 0.5323795080184937, 0.5258533954620361, 0.5160642862319946]

ShuffleNet_E25_B8_Channels200_Adam0.0001_AUGFULL_SHUFFLE
Images: 3999
Errors: 2028
Success rate: 49.287 %
Confusion matrix:
[[169  11  78  11  44  11  24 152]
 [ 11 308   7   3   8   9   1 153]
 [ 53   7 278   3  59  16  25  59]
 [ 54  45  32  84 203   6   8  68]
 [ 24  14  34   7 379  14  10  18]
 [ 25  14  54   3  66 220  52  66]
 [ 52   6  65   3  70  50 188  66]
 [ 37  45  25   1  12  21  13 345]]