accuracy:
[0.34308940172195435, 0.4861377775669098, 0.5195538401603699, 0.541857898235321, 0.5592039227485657, 0.5716928243637085, 0.5810525417327881, 0.5896612405776978, 0.5967088341712952, 0.6013087034225464, 0.609340250492096, 0.614284336566925, 0.6210711598396301, 0.6259735226631165, 0.6304726004600525, 0.6360946297645569, 0.6408718824386597, 0.6466434597969055, 0.6486635208129883, 0.6542646884918213, 0.6562882661819458, 0.6611419320106506, 0.6650325655937195, 0.6674872040748596, 0.670508623123169]
val_accuracy:
[0.14382530748844147, 0.4131526052951813, 0.49598392844200134, 0.4939759075641632, 0.5205823183059692, 0.5158132314682007, 0.5223393440246582, 0.5426706671714783, 0.5361445546150208, 0.5333835482597351, 0.5376505851745605, 0.5461847186088562, 0.5233433842658997, 0.5358935594558716, 0.5384036302566528, 0.5336345434188843, 0.531124472618103, 0.5308734774589539, 0.5351405739784241, 0.536897599697113, 0.5484437942504883, 0.5278614163398743, 0.5411646366119385, 0.5363956093788147, 0.531124472618103]

.\nets\MobileNetV3Large\MobileNetV3Large_E25_B16_A_0.75_D_0.2_AUGFULL_SHUFFLE
Images: 3999
Errors: 1922
Success rate: 51.938 %
Confusion matrix:
[[264  21  69  39  16   2  42  47]
 [ 24 402  12  22   6   1   3  30]
 [ 76  13 312  25  26   4  32  12]
 [ 61  35  27 270  80   6  15   6]
 [ 32   8  58  97 270   7  26   2]
 [ 50  39  74  33  27 134 130  13]
 [ 85   9  55  29  18  11 277  16]
 [ 99 130  44  18  10   8  42 148]]