EfficientNetB0_E25_B16_AUGFULL_SHUFFLE_float16.tflite
Success rate: 52.263 %
Confusion matrix:
[[253  20  57  40  37  13  48  32]
 [ 26 380  13  15   5   9   4  48]
 [ 92  12 272  15  44  15  44   6]
 [ 58  33  38 204 138   9   8  12]
 [ 28   8  42  59 332  14  16   1]
 [ 51  25  55  13  49 213  84  10]
 [ 85   3  39  14  47  43 261   8]
 [101 106  28  14   9  26  40 175]]

EfficientNetB0_E25_B4_AUGFULL_SHUFFLE_float16.tflite
Success rate: 55.264 %
Confusion matrix:
[[291  28  54  31  15  11  40  30]
 [ 21 396   6   8   7  10   6  46]
 [ 79  11 325  16  20   9  30  10]
 [ 61  48  33 226  97  14  14   7]
 [ 36  15  63  65 282  15  23   1]
 [ 48  26  72  14  24 222  84  10]
 [ 84   9  44  17  23  39 273  11]
 [ 97 109  25  17   2  22  32 195]]

EfficientNetB0_E25_B4_AUGFULL_SHUFFLE_lr_00001_float16.tflite
Success rate: 34.634 %
Confusion matrix:
[[185  29 104  35  45   9  55  38]
 [ 35 271  85  18  14   9  20  48]
 [ 88  21 183  23  48  18  93  26]
 [ 70  43 100 122 107   7  40  11]
 [ 45  16  96  55 227   9  45   7]
 [ 60  45 111  24  37  72 133  18]
 [ 75  22  97  11  31  38 204  22]
 [107  69  79  21  19  16  67 121]]

EfficientNetB0_E25_B8_AUGFULL_SHUFFLE_float16.tflite
Success rate: 55.939 %
Confusion matrix:
[[264  26  65  46  15  14  31  39]
 [ 19 400   6  24   3   9   3  36]
 [ 66  10 301  15  45  19  38   6]
 [ 55  36  29 262  81   8  21   8]
 [ 24  11  42  64 323  11  23   2]
 [ 45  29  57  19  30 221  89  10]
 [ 79   8  49  10  36  37 273   8]
 [ 92 107  27  14   7  23  36 193]]

MobileNetV2_E25_B16_D_0.2_AUGFULL_SHUFFLE_float16.tflite
Success rate: 53.988 %
Confusion matrix:
[[306   8  76  26  10   9  20  45]
 [ 38 353  13  13   1  12   5  65]
 [ 92   4 320  11  19  23  26   5]
 [ 71  34  46 233  78  13  13  12]
 [ 38   7  73  86 264  13  16   3]
 [ 47  15  78  11  30 230  78  11]
 [ 92   5  64  16  22  47 240  14]
 [118  66  36  13   3  26  24 213]]

MobileNetV2_E25_B32_D_0.2_AUGFULL_float16.tflite
Success rate: 51.163 %
Confusion matrix:
[[245  26 102  60  13  14  15  25]
 [ 23 402  18  21   4   6   2  24]
 [ 54   9 342  34  27  17  13   4]
 [ 32  49  43 309  55   6   4   2]
 [ 22  11  71 128 244  11  10   3]
 [ 42  26 111  32  28 196  53  12]
 [ 82  10 122  42  31  33 175   5]
 [115 144  47  24   6  14  16 133]]

MobileNetV2_E25_B32_D_0.2_AUGFULL_SHUFFLE_float16.tflite
Success rate: 51.863 %
Confusion matrix:
[[184  28  40  71  20  11  49  97]
 [ 12 382   4  18   8   6   4  66]
 [ 60  16 238  34  46  16  60  30]
 [ 36  41  16 286  77   7  18  19]
 [ 17  13  34 133 263   9  25   6]
 [ 27  33  34  37  33 197 101  38]
 [ 58  16  34  22  31  36 277  26]
 [ 66  96  13  15   8  22  32 247]]

MobileNetV2_E25_B32_D_0.2_AUG_float16.tflite
Success rate: 34.134 %
Confusion matrix:
[[166  11  68   7 163  33  52   0]
 [ 27 241  26   3 138  36  29   0]
 [ 50   7 157   6 194  27  59   0]
 [ 41  20  17  41 344  16  21   0]
 [ 17  10  26  11 409  14  13   0]
 [ 25  11  42   5 182 161  74   0]
 [ 49   4  42   2 161  52 190   0]
 [ 85 117  53   7 117  44  76   0]]

MobileNetV2_E25_B32_D_0.2_NOAUG_float16.tflite
Success rate: 41.260 %
Confusion matrix:
[[322  21  19  61   5   3  47  22]
 [ 47 398   2  31   2   1   5  14]
 [193  32 121  54  10   9  69  12]
 [130  45   8 256  41   2  11   7]
 [102  22  24 151 152   5  42   2]
 [133  41  30  45  13 116 110  12]
 [172  18  23  39   9  18 213   8]
 [190 148   8  33   0  10  38  72]]

MobileNetV2_E25_B8_D_0.2_AUGFULL_float16.tflite
Success rate: 54.839 %
Confusion matrix:
[[278  16  45  59   9  16  41  36]
 [ 29 341   8  39   1  14   4  64]
 [ 85   6 286  25  29  22  36  11]
 [ 59  25  23 316  55  11   6   5]
 [ 24  11  48 111 265  21  19   1]
 [ 51  24  45  37  21 239  70  13]
 [ 79   5  46  32  19  49 255  15]
 [120  76  13  25   2  17  33 213]]

MobileNetV3Small_E25_B16_A_0.75_D_0.2_AUGFULL_SHUFFLE_float16.tflite
Success rate: 52.738 %
Confusion matrix:
[[223   8  67  62  25  31  32  52]
 [ 19 347   8  35  12  25   6  48]
 [ 55   5 284  27  42  47  26  14]
 [ 31  15  30 266 117  22   9  10]
 [ 18   9  52  67 305  34  12   3]
 [ 28  17  47  29  31 272  56  20]
 [ 70   7  60  19  31  77 219  17]
 [ 81  84  38  27   8  34  34 193]]

MobileNetV3Small_E25_B16_A_0.75_D_0.2_AUGFULL_SHUFFLE_MINI_float16.tflite
Success rate: 48.337 %
Confusion matrix:
[[244  15  86  27  47   1  57  23]
 [ 30 366  27  20  11   1   7  38]
 [ 68   8 300  13  59   3  43   6]
 [ 59  33  53 186 146   2  13   8]
 [ 30   9  60  33 334   2  29   3]
 [ 41  31  99  14  57 108 145   5]
 [ 68   9  63  14  53  14 271   8]
 [120 103  54  15  20   6  57 124]]

MobileNetV3Small_E25_B16_A_1.25_D_0.2_AUGFULL_SHUFFLE_float16.tflite
Success rate: 52.838 %
Confusion matrix:
[[152  15  89  42  31   6  82  83]
 [ 11 355   6  26  11   8  11  72]
 [ 25  10 307  31  28  13  73  13]
 [ 25  31  40 264  84   9  26  21]
 [  9  10  54  89 283  10  40   5]
 [ 16  17  68  21  23 198 130  27]
 [ 31   6  43  16  27  24 333  20]
 [ 51 100  37  13  12  18  47 221]]

MobileNetV3Small_E25_B16_A_1.25_D_0.2_AUGFULL_SHUFFLE_MINI_float16.tflite
Success rate: 52.188 %
Confusion matrix:
[[260   7  59  68  10  16  28  52]
 [ 23 312   7  35   7   8   1 107]
 [ 94   3 280  34  21  21  36  11]
 [ 39  25  33 299  66  14  10  14]
 [ 40   8  47 117 248  11  25   4]
 [ 54  20  63  36  22 215  76  14]
 [ 88   3  41  35  27  42 242  22]
 [104  57  24  26   6  23  28 231]]

MobileNetV3Small_E25_B32_A_1.5_D_0.2_AUGFULL_SHUFFLE_float16.tflite
Success rate: 51.988 %
Confusion matrix:
[[236  17  86  25  22  15  51  48]
 [ 20 378  21  13  11   4  11  42]
 [ 57   8 320   9  34  12  46  14]
 [ 63  44  35 210 112  11  14  11]
 [ 31   8  63  66 282  14  34   2]
 [ 39  18  77  16  31 201  99  19]
 [ 60   8  56  15  27  35 279  20]
 [ 94  99  47  11   8  20  47 173]]

MobileNetV3Small_E30_B16_A_1.25_D_0.5_AUGFULL_SHUFFLE_float16.tflite
Success rate: 53.938 %
Confusion matrix:
[[205  12  69  74  31  15  55  39]
 [ 21 357   8  30   4  12   8  60]
 [ 55   7 294  31  41  24  44   4]
 [ 37  28  28 275  98  13  15   6]
 [ 17   7  30  85 322  14  24   1]
 [ 27  19  46  19  41 234 107   7]
 [ 45   5  63  27  29  37 284  10]
 [ 87  82  26  31  13  25  49 186]]

EfficientNetB0_E25_B4_SGD_0.01_AUGFULL_SHUFFLE_float16.tflite
Success rate: 55.114 %
Confusion matrix:
[[235  20  56  54  47  12  34  42]
 [ 20 386   4  20   5   7   5  53]
 [ 62  11 285  14  61  23  27  17]
 [ 31  31  18 252 132  12  14  10]
 [ 12  10  37  58 357  14   8   4]
 [ 37  21  50  24  47 231  74  16]
 [ 68   8  38  24  57  40 252  13]
 [ 81  92  19  26  15  21  39 206]]

MobileNetV3Large_E25_B16_A_0.5_D_0.2_AUGFULL_SHUFFLE_float16.tflite
Success rate: 52.513 %
Confusion matrix:
[[215  21  58  53  12  21  53  67]
 [ 14 353   9  27   4  16   4  73]
 [ 68  13 270  24  33  25  51  16]
 [ 43  34  32 280  68  18  10  15]
 [ 20  16  47 119 251  11  32   4]
 [ 36  17  47  26  31 213 106  24]
 [ 55   8  48  27  25  31 278  28]
 [ 65  76  26  19   5  35  33 240]]

MobileNetV3Large_E25_B16_A_0.5_D_0.2_AUGFULL_SHUFFLE_MINI_float16.tflite
Success rate: 50.338 %
Confusion matrix:
[[189  15  52  55  35  14 113  27]
 [ 15 372  14  20  10   6  24  39]
 [ 55  17 244  25  57   9  92   1]
 [ 28  31  21 237 136   9  26  12]
 [ 14  14  43  61 314  10  42   2]
 [ 19  21  46  26  54 171 154   9]
 [ 41   5  24  14  36  24 349   7]
 [ 88 110  35  29   9  16  75 137]]

MobileNetV3Large_E25_B16_A_0.5_D_0.5_AUGFULL_SHUFFLE_float16.tflite
Success rate: 51.188 %
Confusion matrix:
[[179  28  74  27  10  24  76  82]
 [ 11 395  12   8   1   9   6  58]
 [ 54  13 272  16  21  41  68  15]
 [ 51  49  35 243  61  19  26  16]
 [ 34  17  64  94 225  29  36   1]
 [ 24  29  55  22  14 225 110  21]
 [ 46   9  39  14  10  54 313  15]
 [ 62 126  34   9   2  24  47 195]]

MobileNetV3Large_E25_B16_A_0.5_D_0.5_AUGFULL_SHUFFLE_MINI_float16.tflite
Success rate: 51.288 %
Confusion matrix:
[[184  33  33  44   5  41  34 126]
 [ 10 395   5  14   6  18   2  50]
 [ 95  22 223  28  10  46  40  36]
 [ 56  52  22 262  55  21  10  22]
 [ 33  20  32 108 243  31  24   9]
 [ 27  32  29  28  17 284  57  26]
 [ 56  17  25  23  24 102 213  40]
 [ 35 121  10  17   2  44  23 247]]

MobileNetV3Large_E25_B16_A_0.75_D_0.2_AUGFULL_SHUFFLE_float16.tflite
Success rate: 51.938 %
Confusion matrix:
[[264  21  69  39  16   2  42  47]
 [ 24 402  12  22   6   1   3  30]
 [ 76  13 312  25  26   4  32  12]
 [ 61  35  27 270  80   6  15   6]
 [ 32   8  58  97 270   7  26   2]
 [ 50  38  75  33  27 134 130  13]
 [ 85   9  55  29  18  11 277  16]
 [100 130  43  18  10   9  41 148]]

MobileNetV3Large_E25_B16_A_0.75_D_0.2_AUGFULL_SHUFFLE_MINI_float16.tflite
Success rate: 53.038 %
Confusion matrix:
[[247  10  36  26  12  17  81  71]
 [ 21 333   8  19   7  19  11  82]
 [ 80   6 240  13  20  27  97  17]
 [ 73  27  24 218  76  16  37  29]
 [ 36   6  59  66 260  19  48   6]
 [ 30  13  33  15  29 235 120  25]
 [ 57   8  23  17  16  28 329  22]
 [ 63  67  23  11   3  23  50 259]]

MobileNetV3Large_E25_B16_A_1.25_D_0.2_AUGFULL_SHUFFLE_float16.tflite
Success rate: 54.339 %
Confusion matrix:
[[220  23  81  44  22  20  55  35]
 [ 17 373   9  27   4  17  10  43]
 [ 39   6 305  26  43  26  48   7]
 [ 39  27  37 261  93  13  26   4]
 [ 11   7  47  63 310  18  43   1]
 [ 28  16  50  13  36 252  98   7]
 [ 42   8  48  20  25  55 289  13]
 [ 81 104  37  19   9  35  51 163]]

MobileNetV3Large_E25_B16_A_1.25_D_0.2_AUGFULL_SHUFFLE_MINI_float16.tflite
Success rate: 53.713 %
Confusion matrix:
[[279  17  76  20  20  10  45  33]
 [ 27 388   9  15   4  18   7  32]
 [ 65   7 323   9  30  15  48   3]
 [ 74  38  41 185 116  13  26   7]
 [ 27   9  71  50 292  16  33   2]
 [ 38  22  55  12  27 232 108   6]
 [ 73   6  48   9  24  42 289   9]
 [117 105  28  14   5  31  39 160]]

MobileNetV3Large_E25_B16_A_1.25_D_0.5_AUGFULL_SHUFFLE_float16.tflite
Success rate: 54.489 %
Confusion matrix:
[[279  29  50  29  23   6  39  45]
 [ 20 411   6  16   7   2   2  36]
 [ 75  18 279  12  43  15  42  16]
 [ 57  44  24 251  95   6  13  10]
 [ 37  11  40  60 313   9  26   4]
 [ 56  39  47  21  48 169 104  16]
 [ 92  10  41  19  35  17 267  19]
 [ 83 135  14  11   9  13  24 210]]

MobileNetV3Large_E25_B16_A_1.25_D_0.5_AUGFULL_SHUFFLE_MINI_float16.tflite
Success rate: 52.663 %
Confusion matrix:
[[251  19  83  20  32   4  30  61]
 [ 22 392  12  17   8   1   2  46]
 [ 64  11 310  10  42   9  48   6]
 [ 65  32  52 198 124   3  13  13]
 [ 27   7  50  60 328   4  20   4]
 [ 33  23  74  18  51 146 130  25]
 [ 69   9  64  20  34  16 272  16]
 [ 82 115  37   6  10   9  31 209]]

MobileNetV3Large_E25_B16_A_1_D_0.2_AUGFULL_SHUFFLE_float16.tflite
Success rate: 53.013 %
Confusion matrix:
[[186  28 109  53  25  21  41  37]
 [ 13 403  14  23   5  10   7  25]
 [ 29  10 342  23  42  23  24   7]
 [ 28  34  40 240 117  16  18   7]
 [ 17  11  54  77 303  11  25   2]
 [ 15  31  75  25  29 234  84   7]
 [ 52   9  68  21  28  49 264   9]
 [ 62 144  51  27   7  27  33 148]]

MobileNetV3Large_E25_B16_A_1_D_0.2_AUGFULL_SHUFFLE_MINI_float16.tflite
Success rate: 53.763 %
Confusion matrix:
[[247  31  64  36  14   8  29  71]
 [ 17 396   7  13   1  10   4  52]
 [ 68  16 297  15  33  12  45  14]
 [ 57  38  40 256  71  10  10  18]
 [ 29  15  63  74 276  13  24   6]
 [ 38  22  63  19  34 204  95  25]
 [ 78  12  44  22  30  34 257  23]
 [ 75 126  22  15   3  12  29 217]]

NASNetMobile_E25_B16_AUGFULL_SHUFFLE_float16.tflite
Success rate: 50.838 %
Confusion matrix:
[[277   8  47  28  40  21  26  53]
 [ 36 324   9  12  16  23   8  72]
 [118   5 237   3  58  25  34  20]
 [ 87  28  23 173 164   9   9   7]
 [ 30   8  35  30 361  13  21   2]
 [ 52  10  36  11  54 242  72  23]
 [121   5  31  10  53  62 201  17]
 [122  57  19   6  12  45  20 218]]

NASNetMobile_E25_B16_float16.tflite
Success rate: 33.883 %
Confusion matrix:
[[310  18 129  13   1   2  26   1]
 [ 79 353  57   5   1   1   4   0]
 [167   9 278  10   6   5  25   0]
 [208  51  98 106  21   0  16   0]
 [156  23 160  49  87   2  23   0]
 [132  35 197   5   4  57  70   0]
 [169  26 127   6   2   7 162   1]
 [237 124  97   8   0   2  29   2]]

NASNetMobile_E25_B32_AUGFULL_SHUFFLE_float16.tflite
Success rate: 43.961 %
Confusion matrix:
[[263  27  40  82  33   6  25  24]
 [ 43 337   9  25  23  10   6  47]
 [135  22 192  35  76   6  25   9]
 [ 44  33  16 247 151   2   4   3]
 [ 29   6  24 101 321   5  14   0]
 [ 87  34  44  50  85 105  88   7]
 [121  13  42  32  86  15 185   6]
 [148 115  43  28  25  12  20 108]]

NASNetMobile_E25_B32_float16.tflite
Success rate: 28.057 %
Confusion matrix:
[[ 82   6 237  10  22   0 103  40]
 [ 60 212  87  10  10   1  62  58]
 [ 52  11 315   4  15   2  83  18]
 [ 96  25 166  66  67   1  63  16]
 [ 67  20 164  31 141   0  61  16]
 [ 59  23 194   6  27   5 168  18]
 [ 43   7 193   6  20   0 219  12]
 [ 82  59 174   7   8   0  87  82]]

NASNetMobile_E25_B8_AUGFULL_SHUFFLE_float16.tflite
Success rate: 49.237 %
Confusion matrix:
[[282  15  42  15  19  13  88  26]
 [ 44 381   7  10   4  14  21  19]
 [117   9 222   9  41  16  83   3]
 [ 98  39  13 145 149  14  37   5]
 [ 44  12  30  28 329  10  47   0]
 [ 54  25  25  12  36 179 167   2]
 [ 82   7  21   6  26  28 325   5]
 [139 136  11   9   8  24  66 106]]

NASNetMobile_E25_B8_float16.tflite
Success rate: 41.260 %
Confusion matrix:
[[236  23 150  47   9   1  16  18]  
 [ 29 358  50  28   1   3   2  29]  
 [ 84  15 345  17  13   4  14   8]  
 [ 82  47  95 220  43   3   4   6]  
 [ 64  17 140 107 162   1   8   1]  
 [ 85  38 160  42  19  93  55   8]  
 [126  22 135  34  13  13 151   6]  
 [142 118  98  22   1  13  20  85]]

ShuffleNet_E25_B8_Channels200_Adam0.0001_AUGFULL_SHUFFLE_float16.tflite
Success rate: 49.287 %
Confusion matrix:
[[169  11  78  11  44  11  24 152]
 [ 11 308   7   3   8   9   1 153]
 [ 53   7 278   3  59  16  25  59]
 [ 54  45  32  84 203   6   8  68]
 [ 24  14  34   7 379  14  10  18]
 [ 25  14  54   3  66 220  52  66]
 [ 52   6  65   3  70  50 188  66]
 [ 37  45  25   1  12  21  13 345]]

ShuffleNet_E25_B8_Channels400_Adam0.0001_AUGFULL_SHUFFLE_float16.tflite
Success rate: 51.938 %
Confusion matrix:
[[229  28  99  28  19  10  23  64]  
 [ 16 376   9   9   4   4   1  81]  
 [ 47  16 340   6  29  15  23  24]  
 [ 74  58  47 148 121  16  17  19]  
 [ 42  17  62  31 307  21  14   6]  
 [ 25  35  92   7  29 224  63  25]  
 [ 76  11  91   5  28  54 206  29]  
 [ 73 102  29   5   5  14  24 247]]

ShuffleNetV2_E25_B8_SC1.0_BOTTLENECK1_Adam0.0001_AUGFULL_SHUFFLE_float16.tflite
Success rate: 51.838 %
Confusion matrix:
[[298  20  50  31  14  15  31  41]  
 [ 26 377   8  13   8   4   3  61]  
 [116  14 277   8  38  16  27   4]  
 [ 93  37  31 214  93  10   9  13]  
 [ 56  12  44  69 278  19  19   3]  
 [ 68  32  49  13  37 216  67  18]  
 [114  14  37  18  28  51 228  10]  
 [135  92  23  11   4  15  34 185]]

EfficientNetB0_E25_B8_SGD0.01_AUGFULL_SHUFFLE_float16.tflite
Success rate: 53.738 %
Confusion matrix:
[[293  19  45  34  30   4  25  50]  
 [ 26 391   5  13   9   5   5  46]  
 [ 91  12 265  16  54   9  37  16]  
 [ 51  30  31 256 109   6  12   5]  
 [ 32   9  31  73 326   5  21   3]  
 [ 54  28  53  28  47 163 111  16]  
 [101   8  42  24  37  20 254  14]  
 [117  99  12  20   7  10  33 201]]

GhostNet_E25_B16_Adam0.0001_AUGFULL_SHUFFLE_float16.tflite
Success rate: 53.038 %
Confusion matrix:
[[226  12  54  55  20  16  29  88]  
 [ 21 370   4  25   3  11   1  65]  
 [ 73  15 257  24  58  19  32  22]  
 [ 39  33  31 233 124  13   7  20]  
 [ 19   8  27  71 350  10   7   8]  
 [ 45  28  44  26  46 239  53  19]  
 [ 79   6  44  36  51  55 202  27]  
 [ 72  90  19  15  10  25  24 244]]

MnasNet_E25_B8_A1.0_DEPTH1_Adam0.0001_AUGFULL_SHUFFLE_float16.tflite
Success rate: 54.564 %
Confusion matrix:
[[251  15  68  28  16  10  56  56]  
 [ 22 382   7  19   6  13   5  46]  
 [ 66   7 305  14  28  16  50  14]  
 [ 67  34  36 216 107  13  19   8]  
 [ 23  10  51  52 324  12  25   3]  
 [ 34  22  56  21  40 221  91  15]  
 [ 65   4  53  21  33  36 273  15]  
 [ 90  95  22  15   5  24  38 210]]

ShuffleNetV2_E25_B8_SC0.5_BOTTLENECK1_Adam0.0001_AUGFULL_SHUFFLE_float16.tflite
Success rate: 51.263 %
Confusion matrix:
[[244  33  58  48  18  31  38  30]  
 [ 18 402  11  11   2  14   6  36]  
 [ 89  21 244  18  37  44  43   4]  
 [ 56  52  31 239  76  24  14   8]  
 [ 31  18  36  96 274  21  24   0]  
 [ 43  31  33  22  30 275  58   8]  
 [ 85  11  35  15  30  91 224   9]  
 [ 90 146  22  16   4  33  40 148]]

DenseNet121_E25_B8_Adam0.0001_AUGFULL_SHUFFLE_float16.tflite
Success rate: 55.639 %
Confusion matrix:
[[265  14  55  49  20   8  50  39]
 [ 22 350  14  18   2  10   8  76]
 [ 70   6 306  21  30  12  44  11]
 [ 37  35  27 255 102   7  16  21]
 [ 20   8  53  63 324   8  21   3]
 [ 31  17  75  33  31 225  77  11]
 [ 69   5  46  27  40  29 270  14]
 [ 88  69  26  13   7  18  48 230]]

EfficientNetB0_E25_B8_Adam0.001_AUGFULL_SHUFFLE_float16.tflite
Success rate: 55.689 %
Confusion matrix:
[[223   4  79  43  13  22  30  86]  
 [ 14 316   9  25   4  23   2 107]  
 [ 58   6 302  15  35  32  36  16]  
 [ 43  32  24 274  80  24   8  15]  
 [ 23  10  49  76 293  30  15   4]  
 [ 26  11  63  22  17 290  56  15]  
 [ 64   4  44  20  29  83 229  27]  
 [ 54  41  22  21   5  29  27 300]]

SqueezeNet_E25_B8_COMPR1.0_D0.2_Adam0.0001_AUGFULL_SHUFFLE_float16
Success rate: 54.414 %
Confusion matrix:
[[220  18  58  65  16  20  37  66]  
 [ 15 366   9  28   4   8   7  63]  
 [ 57   9 278  30  34  27  51  14]  
 [ 33  29  25 305  68  15   9  16]  
 [ 21  11  39 106 281  18  21   3]  
 [ 32  20  46  29  21 259  72  21]  
 [ 62   7  50  25  26  70 233  27]  
 [ 69  80  23  28   6  32  27 234]]

DenseNet121_E25_B16_Adam0.0001_AUGFULL_SHUFFLE_float16.tflite
Success rate: 52.163 %
Confusion matrix:
[[273  17  84  27  40  11  12  36]
 [ 32 371  13  19   9   7   2  47]
 [ 76  11 326   5  56  11   8   7]
 [ 60  29  34 199 153   9   3  13]
 [ 26  11  40  41 362  12   5   3]
 [ 56  28  80  13  59 213  35  16]
 [101   9  87  20  56  49 165  13]
 [132  88  43  21  11  15  12 177]]

EfficientNetB1_E25_B8_SGD0.01_AUGFULL_SHUFFLE_float16.tflite
Success rate: 55.489 %
Confusion matrix:
[[238  17  41  61  19  13  42  69]  
 [ 16 389   5  21   6  12   5  46]  
 [ 79   7 282  22  33  27  33  17]  
 [ 53  32  28 277  71  17  14   8]  
 [ 23  10  44  87 289  12  32   3]  
 [ 33  19  47  20  26 248  90  17]  
 [ 76   5  36  20  19  52 271  21]  
 [ 78 103  17  23   3  25  25 225]]

SqueezeNet_E25_B16_COMPR1.0_D0.2_Adam0.0001_AUGFULL_SHUFFLE_float16.tflite
Success rate: 52.138 %
Confusion matrix:
[[250  10  75  34  14   8  27  82]  
 [ 18 336  12  18   7  17   2  90]  
 [ 83  17 286  12  32  23  17  30]  
 [ 63  36  45 227  90  18   4  17]  
 [ 27   9  56  63 296  25  15   9]  
 [ 48  24  60  18  30 268  34  18]  
 [ 87   3  75  19  34  88 156  38]  
 [ 82  68  29  10   6  18  20 266]]

MnasNet_E25_B8_A1.5_DEPTH3_Adam0.0001_AUGFULL_SHUFFLE_float16.tflite
Success rate: 56.889 %
Confusion matrix:
[[229   9  42  80  27  27  42  44]
 [ 30 359   2  35   2  10   6  56]
 [ 64   8 250  34  49  33  54   8]
 [ 31  27  10 321  73  17  14   7]
 [ 11   8  21 118 299  20  21   2]
 [ 28  21  18  28  30 300  64  11]
 [ 54   3  27  29  33  63 280  11]
 [ 78  67  13  28   7  31  38 237]]

EfficientNetV2B0_E25_B8_SGD0.01_AUGFULL_SHUFFLE_float16.tflite
Success rate: 54.239 %
Confusion matrix:
[[258  12  59  44  22  14  39  52]
 [ 19 363   9  16   7   7   7  72]
 [ 78   6 294  14  37  20  36  15]
 [ 49  32  43 240  96  13  16  11]
 [ 25   8  48  64 317  14  18   6]
 [ 37  17  63  19  45 234  70  15]
 [ 77   4  50  20  36  59 234  20]
 [ 91  80  27  14   4  22  32 229]]

MnasNet_E25_B8_A0.5_DEPTH5_Adam0.0001_AUGFULL_SHUFFLE_float16.tflite
Success rate: 53.713 %
Confusion matrix:
[[236  18  42  42  25  16  76  45]
 [ 19 401   4  12  12   8   8  36]
 [ 79  10 256  14  44  25  62  10]
 [ 51  40  25 232 106  13  27   6]
 [ 19  12  42  61 304  23  37   2]
 [ 30  27  41  16  32 251  98   5]
 [ 71   8  33  18  26  51 286   7]
 [ 87 115  17  12   8  26  52 182]]

DenseNet121_E25_B8_SGD0.01_AUGFULL_SHUFFLE_float16.tflite
Success rate: 54.964 %
Confusion matrix:
[[257  16  50  37  31  20  40  49]
 [ 21 379  20  16  11   8   6  39]
 [ 81   9 282  15  52  21  30  10]
 [ 41  32  21 240 129  12  12  13]
 [ 17   9  34  51 358  16  13   2]
 [ 42  23  56  14  54 243  57  11]
 [ 76   8  42  18  48  61 235  12]
 [ 86 107  24  20   7  27  24 204]]

EfficientNetB0_E25_B8_SGD0.01_MOMENTUM0.9_AUGFULL_SHUFFLE_float16.tflite
Success rate: 56.164 %
Confusion matrix:
[[267  13  47  37  21  30  40  45]
 [ 23 374   5  19   0  13   3  63]
 [ 72  11 302  14  25  29  35  12]
 [ 46  36  32 253  77  24  19  13]
 [ 13  16  59  68 288  24  29   3]
 [ 31  25  49  12  23 292  57  11]
 [ 76   6  35  13  38  83 233  16]
 [ 82  79  23  14   2  33  29 237]]

EfficientNetV2B1_E25_B8_SGD0.01_AUGFULL_SHUFFLE_float16.tflite
Success rate: 54.039 %
Confusion matrix:
[[221   8  79  44  32  18  38  60]
 [ 18 351   9  18  15  10   5  74]
 [ 59   3 292  14  52  27  45   8]
 [ 32  23  26 222 152  18  12  15]
 [ 16   9  44  47 355  15  11   3]
 [ 24  18  49  17  56 257  56  23]
 [ 67   6  43  16  66  66 222  14]
 [ 71  71  30  18  12  22  34 241]]

MnasNet_E25_B8_A1.0_DEPTH3_Adam0.0001_AUGFULL_SHUFFLE_float16.tflite
Success rate: 55.114 %
Confusion matrix:
[[247  16  66  48  26  19  36  42]
 [ 18 375   9  21   8  13   5  51]
 [ 68   7 302  18  45  23  32   5]
 [ 47  26  22 224 148  12   8  13]
 [ 21   9  37  44 358  19   7   5]
 [ 32  17  49  20  45 261  64  12]
 [ 75   7  55  19  47  59 223  15]
 [ 83  87  28  11  12  35  29 214]]

MnasNet_E25_B8_A1.0_DEPTH7_Adam0.0001_AUGFULL_SHUFFLE_float16.tflite
Success rate: 56.014 %
Confusion matrix:
[[252  21  37  31  45  18  30  66]
 [ 13 395   3  18   3   7   8  53]
 [ 71  16 255   8  60  30  42  18]
 [ 41  43  13 241 134  13   5  10]
 [ 20  13  37  60 330  21  17   2]
 [ 43  22  26  15  41 265  76  12]
 [ 74   8  31  17  42  49 264  15]
 [ 74  93   9  15  11  24  35 238]]

ShuffleNetV2_E25_B8_SC1.25_BOTTLENECK1_Adam0.0001_AUGFULL_SHUFFLE_float16.tflite
Success rate: 53.913 %
Confusion matrix:
[[200  19 112  47  22  10  34  56]
 [ 18 367  17  18   6   8   5  61]
 [ 43   5 349  16  30  15  31  11]
 [ 41  31  61 245  82  11  14  15]
 [ 18   7  69  75 291  15  22   3]
 [ 32  24  79  11  32 214  89  19]
 [ 55   8  72  15  29  35 272  14]
 [ 69  98  42  19   4  18  31 218]]

GhostNet_E25_B8_Adam0.0001_AUGFULL_SHUFFLE_float16.tflite
Success rate: 54.714 %
Confusion matrix:
[[253  12  56  43  21  17  30  68]
 [ 17 363   7  25   3   4   5  76]
 [ 73  11 276  22  42  14  38  24]
 [ 61  29  17 276  81  11  11  14]
 [ 23   8  45  89 302  15  13   5]
 [ 50  31  49  20  48 212  69  21]
 [ 79   6  42  27  42  42 230  32]
 [ 70  65  16  21   7  16  28 276]]

EfficientNetV2B1_E25_B16_SGD0.01_AUGFULL_SHUFFLE_float16.tflite
Success rate: 54.439 %
Confusion matrix:
[[240  12  66  46  23  16  35  62]
 [ 16 338   6  27   5  18   5  85]
 [ 66   7 307  22  31  25  28  14]
 [ 47  32  23 254  99  22  10  13]
 [ 14  10  56  71 305  21  18   5]
 [ 36  16  64  17  35 263  49  20]
 [ 64   3  56  20  38  79 213  27]
 [ 74  63  22  25   4  31  23 257]]

EfficientNetV2B0_E25_B16_SGD0.01_AUGFULL_SHUFFLE_float16.tflite
Success rate: 52.563 %
Confusion matrix:
[[204  16  73  31  38  21  60  57]
 [ 16 360  11  18  14  16   7  58]
 [ 47  11 283  14  64  17  55   9]
 [ 35  36  23 179 178  15  28   6]
 [ 14  10  31  32 369  16  26   2]
 [ 24  17  57  14  53 224  98  13]
 [ 52   4  47   9  48  54 267  19]
 [ 65  78  36  14  19  29  42 216]]

MobileNetV3Large_E25_B16_A_0.5_D_0_AUGFULL_SHUFFLE_MINI_float16.tflite
Success rate: 52.213 %
Confusion matrix:
[[188  24  74  30  23  11  72  78]
 [ 14 375   9  12   7   9  11  63]
 [ 54  16 274  14  42  10  70  20]
 [ 45  47  39 210 104  13  30  12]
 [ 24  16  48  54 298  10  43   7]
 [ 24  24  56  10  31 218 114  23]
 [ 47   6  49  13  31  34 285  35]
 [ 47  96  29  19   6  16  46 240]]