accuracy:
[0.18296828866004944, 0.33375051617622375, 0.3921220898628235, 0.41650673747062683, 0.43645182251930237, 0.4510360062122345, 0.4667605459690094, 0.4730670154094696, 0.4828501045703888, 0.49395424127578735, 0.49820956587791443, 0.5073703527450562, 0.5081003904342651, 0.5135933756828308, 0.5183979868888855, 0.5218572020530701, 0.5252224802970886, 0.527763843536377, 0.528344452381134, 0.5309136509895325, 0.53523850440979, 0.5390627384185791, 0.5389584302902222, 0.5428834557533264, 0.5421707630157471]
val_accuracy:
[0.21812249720096588, 0.28614458441734314, 0.3406124413013458, 0.3624497950077057, 0.3744979798793793, 0.4003514051437378, 0.4231927692890167, 0.40060240030288696, 0.4450301229953766, 0.44528111815452576, 0.44151607155799866, 0.4425200819969177, 0.45707830786705017, 0.4487951695919037, 0.4748995900154114, 0.4701305329799652, 0.4819277226924896, 0.4889558255672455, 0.4723895490169525, 0.4919678568840027, 0.4866967797279358, 0.4866967797279358, 0.495481938123703, 0.4947289228439331, 0.48092368245124817]

ShuffleNet_E25_B8_Channels64_Adam0.0001_AUGFULL_SHUFFLE
Images: 3999
Errors: 2082
Success rate: 47.937 %
Confusion matrix:
[[229  20  70  30  10  20  36  85]
 [ 18 367   9   6   6  15   5  74]
 [ 91  27 227  13  32  33  46  31]
 [ 75  44  44 176 106  21  14  20]
 [ 51  24  60  54 259  16  28   8]
 [ 55  26  59  20  40 205  67  28]
 [ 80   9  48  10  34  68 213  38]
 [ 73  94  24  10   3  28  26 241]]