accuracy:
[0.24755924940109253, 0.37986063957214355, 0.45195677876472473, 0.49172160029411316, 0.5171826481819153, 0.5334647297859192, 0.5450218319892883, 0.5563181638717651, 0.5668356418609619, 0.5762127041816711, 0.5865007638931274, 0.5910693407058716, 0.5993477702140808, 0.6055713295936584, 0.6077582836151123, 0.6148927807807922, 0.620872974395752, 0.6246870756149292, 0.6270166039466858, 0.6327360272407532, 0.6374332308769226, 0.6416715383529663, 0.645367443561554, 0.65229332447052, 0.6541047692298889]
val_accuracy:
[0.12826305627822876, 0.13328313827514648, 0.32781124114990234, 0.44528111815452576, 0.4811747074127197, 0.4492971897125244, 0.46536144614219666, 0.46009036898612976, 0.49297189712524414, 0.4480421543121338, 0.4480421543121338, 0.5055220723152161, 0.514809250831604, 0.5, 0.4821787178516388, 0.5218373537063599, 0.5431727170944214, 0.5178213119506836, 0.5316265225410461, 0.5235943794250488, 0.5178213119506836, 0.5037650465965271, 0.49372491240501404, 0.5115461945533752, 0.5266064405441284]

NASNetMobile_E25_B16_AUGFULL_SHUFFLE
Images: 3999
Errors: 1965
Success rate: 50.863 %
Confusion matrix:
[[277   8  47  28  40  21  26  53]
 [ 37 324   9  12  16  23   8  71]
 [118   5 237   3  58  25  34  20]
 [ 87  28  23 173 164   9   9   7]
 [ 29   8  35  30 362  13  21   2]
 [ 52  10  36  11  54 242  72  23]
 [121   5  31  10  53  62 201  17]
 [122  57  19   6  12  45  20 218]]