accuracy:
[0.2520652413368225, 0.4334772825241089, 0.47911104559898376, 0.5118560791015625, 0.5309544801712036, 0.5443021059036255, 0.5606398582458496, 0.5679621696472168, 0.5781910419464111, 0.5802702307701111, 0.5848596692085266, 0.589619517326355, 0.597470223903656, 0.6021187901496887, 0.6063535809516907, 0.6100460290908813, 0.6153760552406311, 0.6191519498825073, 0.62104332447052, 0.6259943842887878, 0.6307646036148071, 0.6334070563316345, 0.6368943452835083, 0.6394150257110596, 0.6421130895614624]
val_accuracy:
[0.18273092806339264, 0.4063754975795746, 0.4583333432674408, 0.4769076406955719, 0.4856927692890167, 0.5, 0.514809250831604, 0.5115461945533752, 0.49899598956108093, 0.5348895788192749, 0.4856927692890167, 0.523845374584198, 0.5293674468994141, 0.5301204919815063, 0.5358935594558716, 0.5356425642967224, 0.5469377636909485, 0.5353915691375732, 0.5461847186088562, 0.532881498336792, 0.5401606559753418, 0.5481927990913391, 0.5133032202720642, 0.5210843086242676, 0.5321285128593445]

MobileNetV3Large_E25_B16_A_1.25_D_0.5_AUGFULL_SHUFFLE_MINI
Images: 3999
Errors: 1895
Success rate: 52.613 %
Confusion matrix:
[[251  19  83  20  32   4  30  61]
 [ 22 392  12  17   8   1   2  46]
 [ 65  11 309  10  42   9  48   6]
 [ 65  33  52 198 123   3  13  13]
 [ 27   7  50  60 328   4  20   4]
 [ 33  23  74  18  51 146 130  25]
 [ 69   9  64  20  34  16 272  16]
 [ 83 115  37   6  10   9  31 208]]