accuracy:
[0.2635875642299652, 0.4038301110267639, 0.45596906542778015, 0.4833458364009857, 0.4995097517967224, 0.5134727954864502, 0.5226899981498718, 0.5321817994117737, 0.5388364791870117, 0.5487907528877258, 0.5545206069946289, 0.5571004152297974, 0.5637204051017761, 0.5670303702354431, 0.5700030326843262, 0.5775304436683655, 0.5816818475723267, 0.5836149454116821, 0.584098219871521, 0.5884373784065247, 0.5885590314865112, 0.5931902527809143, 0.5976649522781372, 0.6002134680747986, 0.6003282070159912]
val_accuracy:
[0.2715863585472107, 0.35466867685317993, 0.4033634662628174, 0.4671184718608856, 0.48017069697380066, 0.48770079016685486, 0.48343372344970703, 0.4897088408470154, 0.49799197912216187, 0.5122991800308228, 0.5057730674743652, 0.5198293328285217, 0.5168172717094421, 0.5120481848716736, 0.5356425642967224, 0.5419176816940308, 0.5326305031776428, 0.5419176816940308, 0.5346385836601257, 0.5273594260215759, 0.5406626462936401, 0.5504518151283264, 0.5429216623306274, 0.5419176816940308, 0.5444276928901672]

GhostNet_E25_B16_Adam0.0001_AUGFULL_SHUFFLE
Images: 3999
Errors: 3499
Success rate: 12.503 %
Confusion matrix:
[[  0 500   0   0   0   0   0   0]
 [  0 500   0   0   0   0   0   0]
 [  0 500   0   0   0   0   0   0]
 [  0 500   0   0   0   0   0   0]
 [  0 500   0   0   0   0   0   0]
 [  0 500   0   0   0   0   0   0]
 [  0 500   0   0   0   0   0   0]
 [  0 499   0   0   0   0   0   0]]