accuracy:
[0.2387210726737976, 0.3773294985294342, 0.43325474858283997, 0.4674566090106964, 0.491266131401062, 0.5135040879249573, 0.5395562052726746, 0.563831627368927, 0.5895325541496277, 0.6025325655937195, 0.6192771196365356, 0.6304134726524353, 0.6418280005455017, 0.6532355546951294, 0.6640207767486572, 0.6747051477432251, 0.6818535923957825, 0.6943632960319519, 0.7004686594009399, 0.7074815034866333, 0.7188751697540283, 0.7208500504493713, 0.7308251261711121, 0.7351294755935669, 0.740344762802124]
val_accuracy:
[0.12398374080657959, 0.12728658318519592, 0.1255081295967102, 0.1255081295967102, 0.13211381435394287, 0.28506097197532654, 0.3348577320575714, 0.38948169350624084, 0.413617879152298, 0.41209349036216736, 0.30945122241973877, 0.3673780560493469, 0.35746949911117554, 0.3856707215309143, 0.3828760087490082, 0.3945630192756653, 0.3851625919342041, 0.39939025044441223, 0.3544207215309143, 0.3653455376625061, 0.3140243887901306, 0.3826219439506531, 0.42352643609046936, 0.35873982310295105, 0.38211381435394287]

NASNetMobile_E25_B32
Images: 3999
Errors: 2880
Success rate: 27.982 %
Confusion matrix:
[[ 82   6 238  10  22   0 102  40]
 [ 60 212  88   9   9   1  62  59]
 [ 52  11 316   4  15   2  83  17]
 [ 97  25 166  66  67   1  62  16]
 [ 69  20 163  31 140   0  61  16]
 [ 59  22 195   6  27   5 167  19]
 [ 42   7 194   6  21   0 217  13]
 [ 83  59 174   7   8   0  87  81]]