accuracy:
[0.12608817219734192, 0.3546864092350006, 0.4401439428329468, 0.4904637634754181, 0.5199172496795654, 0.535620927810669, 0.5449728965759277, 0.5568662285804749, 0.566207766532898, 0.5722118020057678, 0.5795751810073853, 0.5832394957542419, 0.5862675309181213, 0.592414140701294, 0.5990126729011536, 0.6022319793701172, 0.6058371663093567, 0.60820472240448, 0.6126999258995056, 0.6136385798454285, 0.6184883713722229, 0.617966890335083, 0.6243220567703247, 0.6280975937843323, 0.628692090511322]
val_accuracy:
[0.18950803577899933, 0.3428714871406555, 0.39533132314682007, 0.4518072307109833, 0.4879518151283264, 0.4977409541606903, 0.5095381736755371, 0.5075300931930542, 0.5208333134651184, 0.5112951993942261, 0.5353915691375732, 0.5336345434188843, 0.5471887588500977, 0.5429216623306274, 0.5464357137680054, 0.5454317331314087, 0.5466867685317993, 0.5444276928901672, 0.5544678568840027, 0.5464357137680054, 0.5399096608161926, 0.5451807379722595, 0.538654625415802, 0.5461847186088562, 0.5474397540092468]

EfficientNetB0_E25_B8_SGD0.01_MOMENTUM0.9_AUGFULL_SHUFFLE
Images: 3999
Errors: 1753
Success rate: 56.164 %
Confusion matrix:
[[267  13  47  37  21  30  40  45]
 [ 23 374   5  19   0  13   3  63]
 [ 72  11 302  14  25  29  35  12]
 [ 46  36  32 253  77  24  19  13]
 [ 13  16  59  67 288  24  30   3]
 [ 31  25  49  12  23 292  57  11]
 [ 76   6  35  13  38  83 233  16]
 [ 82  79  23  14   2  33  29 237]]