accuracy:
[0.1613718569278717, 0.36177513003349304, 0.45475247502326965, 0.49705880880355835, 0.5183702111244202, 0.5335975289344788, 0.5451884269714355, 0.5583194494247437, 0.5638228058815002, 0.5732513070106506, 0.5795543193817139, 0.5839521884918213, 0.5882770419120789, 0.5964504480361938, 0.6009908318519592, 0.6049818992614746, 0.6078883409500122, 0.6118446588516235, 0.6169343590736389, 0.618929922580719, 0.6249304413795471, 0.6278577446937561, 0.6296759843826294, 0.6347656846046448, 0.6394729614257812]
val_accuracy:
[0.2354854792356491, 0.39364364743232727, 0.43043044209480286, 0.48148149251937866, 0.4689689576625824, 0.5145145058631897, 0.5240240097045898, 0.5272772908210754, 0.5222722887992859, 0.5382882952690125, 0.5422922968864441, 0.5515515804290771, 0.5415415167808533, 0.554304301738739, 0.5400400161743164, 0.5545545816421509, 0.5583083033561707, 0.5480480194091797, 0.5588088035583496, 0.5575575828552246, 0.5560560822486877, 0.5593093037605286, 0.5565565824508667, 0.5490490198135376, 0.5608108043670654]

./nets/EfficientNet/
Images: 3999
Errors: 1789
Success rate: 55.264 %
Confusion matrix:
[[291  28  54  31  15  11  40  30]
 [ 21 396   6   8   7  10   6  46]
 [ 79  11 325  16  20   9  30  10]
 [ 61  48  33 226  97  14  14   7]
 [ 36  15  63  65 282  15  23   1]
 [ 48  26  72  14  24 222  84  10]
 [ 84   9  45  17  23  39 272  11]
 [ 96 109  25  17   2  22  32 196]]