accuracy:
[0.18047906458377838, 0.3704317808151245, 0.4706195294857025, 0.5062230825424194, 0.5314768552780151, 0.5470831394195557, 0.5583716034889221, 0.5680851340293884, 0.5767834782600403, 0.580621600151062, 0.5866395235061646, 0.5932797789573669, 0.5971491932868958, 0.6006918549537659, 0.6064698696136475, 0.6094875335693359, 0.613722026348114, 0.6201153993606567, 0.6227715015411377, 0.624276876449585, 0.6276630759239197, 0.632210373878479, 0.6365596055984497, 0.6377137899398804, 0.6409087777137756]
val_accuracy:
[0.1875, 0.3461345434188843, 0.40813252329826355, 0.43875500559806824, 0.4829317331314087, 0.4626004099845886, 0.514809250831604, 0.507279098033905, 0.5140562057495117, 0.5178213119506836, 0.5424196720123291, 0.5461847186088562, 0.5499498248100281, 0.5379015803337097, 0.5509538054466248, 0.5456827282905579, 0.5449297428131104, 0.5562248826026917, 0.5502008199691772, 0.5454317331314087, 0.5670180916786194, 0.5461847186088562, 0.5496987700462341, 0.5481927990913391, 0.5441766977310181]

MnasNet_E25_B8_A1.0_DEPTH3_Adam0.0001_AUGFULL_SHUFFLE
Images: 3999
Errors: 1794
Success rate: 55.139 %
Confusion matrix:
[[248  16  66  48  26  19  35  42]
 [ 18 375   9  21   8  13   5  51]
 [ 68   7 302  18  45  23  32   5]
 [ 47  26  22 224 148  12   8  13]
 [ 21   9  37  44 358  19   7   5]
 [ 32  17  49  20  45 261  64  12]
 [ 75   7  55  19  47  59 223  15]
 [ 83  87  28  11  12  35  29 214]]