accuracy:
[0.28939297795295715, 0.4348108768463135, 0.48509249091148376, 0.5127694606781006, 0.5279620289802551, 0.5449380874633789, 0.5557432770729065, 0.5639236569404602, 0.5679216980934143, 0.5781115293502808, 0.5858955383300781, 0.5891252756118774, 0.5986788868904114, 0.6028195023536682, 0.6062057018280029, 0.6090912222862244, 0.6155958771705627, 0.6180573105812073, 0.624276876449585, 0.6295925378799438, 0.6319462060928345, 0.6359268426895142, 0.6388993263244629, 0.6431581377983093, 0.6464712619781494]
val_accuracy:
[0.288654625415802, 0.370481938123703, 0.4477911591529846, 0.45431727170944214, 0.4693775177001953, 0.4866967797279358, 0.5168172717094421, 0.5102911591529846, 0.5258533954620361, 0.5283634662628174, 0.5045180916786194, 0.5441766977310181, 0.5200803279876709, 0.547690749168396, 0.5240963697433472, 0.5268574357032776, 0.5268574357032776, 0.5336345434188843, 0.5484437942504883, 0.5446786880493164, 0.5461847186088562, 0.5303714871406555, 0.5336345434188843, 0.5464357137680054, 0.5409136414527893]

ShuffleNet_E25_B8_Channels400_Adam0.0001_AUGFULL_SHUFFLE
Images: 3999
Errors: 1921
Success rate: 51.963 %
Confusion matrix:
[[229  28  99  28  19  10  23  64]
 [ 16 376   9   9   4   4   1  81]
 [ 47  16 340   6  29  15  23  24]
 [ 74  58  47 148 121  16  17  19]
 [ 41  17  62  31 308  21  14   6]
 [ 25  35  92   7  29 224  63  25]
 [ 76  11  91   5  28  54 206  29]
 [ 73 102  29   5   5  14  24 247]]