accuracy:
[0.251467227935791, 0.436303973197937, 0.48953813314437866, 0.5149956941604614, 0.5335134267807007, 0.5480223894119263, 0.5579001307487488, 0.5659559965133667, 0.5744534134864807, 0.5824780464172363, 0.5843625068664551, 0.5921158790588379, 0.5982908010482788, 0.6028106808662415, 0.6063466668128967, 0.6098965406417847, 0.6127510070800781, 0.6181471347808838, 0.6210537552833557, 0.6253303289413452, 0.630013644695282, 0.6326212882995605, 0.6371690034866333, 0.6358199715614319, 0.6390117406845093]
val_accuracy:
[0.26229920983314514, 0.40135541558265686, 0.4492971897125244, 0.48920682072639465, 0.47213855385780334, 0.5057730674743652, 0.5052710771560669, 0.49598392844200134, 0.5128012299537659, 0.5155622363090515, 0.5185742974281311, 0.5233433842658997, 0.5173192620277405, 0.5205823183059692, 0.5306224822998047, 0.5133032202720642, 0.5233433842658997, 0.5223393440246582, 0.5301204919815063, 0.525602400302887, 0.5336345434188843, 0.5338855385780334, 0.5271084308624268, 0.5341365337371826, 0.5278614163398743]

.\nets\MobileNetV3Large\MobileNetV3Large_E25_B16_A_0.5_D_0.5_AUGFULL_SHUFFLE
Images: 3999
Errors: 1951
Success rate: 51.213 %
Confusion matrix:
[[180  28  74  27  10  24  76  81]
 [ 11 395  12   8   1   9   6  58]
 [ 54  13 272  16  21  41  68  15]
 [ 51  49  35 243  61  19  26  16]
 [ 34  17  64  94 225  29  36   1]
 [ 24  29  55  22  15 225 109  21]
 [ 46   9  39  14  10  54 313  15]
 [ 61 126  35   9   2  24  47 195]]