accuracy:
[0.11207759380340576, 0.14366917312145233, 0.21422959864139557, 0.32006675004959106, 0.40182173252105713, 0.4405750334262848, 0.47284454107284546, 0.4914719760417938, 0.5076553821563721, 0.5233625173568726, 0.5312821865081787, 0.542142927646637, 0.5507752895355225, 0.5547698736190796, 0.5645007491111755, 0.5658323168754578, 0.5721596479415894, 0.5735015869140625, 0.579585611820221, 0.5854018926620483, 0.5879154205322266, 0.5942532420158386, 0.595240592956543, 0.5986788868904114, 0.6027951836585999]
val_accuracy:
[0.14533132314682007, 0.1666666716337204, 0.21561245620250702, 0.29794177412986755, 0.3561747074127197, 0.3913152515888214, 0.42520079016685486, 0.4367469847202301, 0.45507028698921204, 0.4598393440246582, 0.4688754975795746, 0.48318272829055786, 0.48995983600616455, 0.4856927692890167, 0.5080321431159973, 0.4994979798793793, 0.4977409541606903, 0.5042670965194702, 0.5215863585472107, 0.5122991800308228, 0.507279098033905, 0.5050200819969177, 0.49071285128593445, 0.5015060305595398, 0.5085341334342957]

ShuffleNetV2_E25_B8_SC0.5_BOTTLENECK1_Adam0.0001_AUGFULL_SHUFFLE
Images: 3999
Errors: 1950
Success rate: 51.238 %
Confusion matrix:
[[244  33  58  48  18  31  38  30]
 [ 18 402  11  11   2  14   6  36]
 [ 89  21 244  18  37  44  43   4]
 [ 56  52  31 239  76  24  14   8]
 [ 31  18  37  96 273  21  24   0]
 [ 43  31  33  22  30 275  58   8]
 [ 85  11  35  15  30  91 224   9]
 [ 90 146  22  16   4  33  40 148]]