accuracy:
[0.12318523228168488, 0.1942289024591446, 0.32695382833480835, 0.39651647210121155, 0.4351933002471924, 0.45870184898376465, 0.48254066705703735, 0.49859198927879333, 0.5133256912231445, 0.5273883938789368, 0.5324642062187195, 0.5438603758811951, 0.5474134087562561, 0.5567758083343506, 0.5617542862892151, 0.5629571676254272, 0.569312334060669, 0.5740960836410522, 0.5768599510192871, 0.583138644695282, 0.5832255482673645, 0.5905923843383789, 0.5931824445724487, 0.5978618860244751, 0.5982165336608887]
val_accuracy:
[0.15637549757957458, 0.26757028698921204, 0.3408634662628174, 0.3870481848716736, 0.4324799180030823, 0.45281124114990234, 0.4791666567325592, 0.48042169213294983, 0.5012550354003906, 0.5065261125564575, 0.5138052105903625, 0.5143072009086609, 0.5281124711036682, 0.5235943794250488, 0.5318775177001953, 0.5371485948562622, 0.5396586060523987, 0.5421686768531799, 0.549447774887085, 0.5419176816940308, 0.5479417443275452, 0.5441766977310181, 0.5409136414527893, 0.5454317331314087, 0.5582329034805298]

EfficientNetV2B1_E25_B8_SGD0.01_AUGFULL_SHUFFLE
Images: 3999
Errors: 1837
Success rate: 54.064 %
Confusion matrix:
[[221   8  79  44  32  18  38  60]
 [ 18 351   9  18  15  10   5  74]
 [ 59   3 292  14  52  27  45   8]
 [ 32  23  26 222 152  18  12  15]
 [ 16   9  43  47 356  15  11   3]
 [ 24  18  49  17  56 257  56  23]
 [ 67   6  43  16  66  66 222  14]
 [ 71  71  30  18  12  23  33 241]]