accuracy:
[0.3383747637271881, 0.46662217378616333, 0.5049753785133362, 0.5240320563316345, 0.5407522320747375, 0.5484848022460938, 0.558918833732605, 0.5680907964706421, 0.5746238231658936, 0.5775408744812012, 0.5846197605133057, 0.5875264406204224, 0.5927869081497192, 0.5960099697113037, 0.6005576848983765, 0.6033461093902588, 0.6076887249946594, 0.6095175743103027, 0.6123720407485962, 0.6140061616897583, 0.6186164617538452, 0.6210294365882874, 0.6224514842033386, 0.6273398995399475, 0.62830650806427]
val_accuracy:
[0.22414658963680267, 0.4116465747356415, 0.4666164517402649, 0.4628514051437378, 0.4894578456878662, 0.5025100111961365, 0.5112951993942261, 0.5027610659599304, 0.5283634662628174, 0.5188252925872803, 0.5271084308624268, 0.5173192620277405, 0.5160642862319946, 0.5291164517402649, 0.5283634662628174, 0.5278614163398743, 0.5248494148254395, 0.5032630562782288, 0.5223393440246582, 0.5195783376693726, 0.5082831382751465, 0.5213353633880615, 0.5353915691375732, 0.5323795080184937, 0.5271084308624268]

MobileNetV3Small_E25_B16_A_0.75_D_0.2_AUGFULL_SHUFFLE
Images: 3999
Errors: 1891
Success rate: 52.713 %
Confusion matrix:
[[223   8  67  62  25  31  32  52]
 [ 19 347   8  35  12  25   6  48]
 [ 55   5 283  27  42  48  26  14]
 [ 31  15  30 266 117  22   9  10]
 [ 18   9  52  67 305  34  12   3]
 [ 28  17  47  29  31 272  56  20]
 [ 70   7  60  19  31  77 219  17]
 [ 81  84  38  27   8  34  34 193]]