accuracy:
[0.2548219859600067, 0.41444167494773865, 0.4685961604118347, 0.49791058897972107, 0.5153003931045532, 0.5323946475982666, 0.5477854013442993, 0.5529794096946716, 0.5579543709754944, 0.5687421560287476, 0.5729210376739502, 0.5783027410507202, 0.5822834372520447, 0.5851446390151978, 0.5909226536750793, 0.5964504480361938, 0.6017452478408813, 0.6025205254554749, 0.6052565574645996, 0.6046238541603088, 0.6092963218688965, 0.6162112355232239, 0.6197712421417236, 0.6239361763000488, 0.62599778175354]
val_accuracy:
[0.347597599029541, 0.41716715693473816, 0.45520520210266113, 0.4669669568538666, 0.49049049615859985, 0.49499499797821045, 0.5105105042457581, 0.5192692875862122, 0.5267767906188965, 0.522522509098053, 0.5235235095024109, 0.5355355143547058, 0.5310310125350952, 0.545045018196106, 0.5495495200157166, 0.5520520806312561, 0.5452952980995178, 0.5415415167808533, 0.5395395159721375, 0.5553053021430969, 0.5480480194091797, 0.5630630850791931, 0.5518018007278442, 0.5528028011322021, 0.5553053021430969]

EfficientNetB0_E25_B4_SGD_0.01_AUGFULL_SHUFFLE
Images: 3999
Errors: 1796
Success rate: 55.089 %
Confusion matrix:
[[235  20  56  54  47  12  34  42]
 [ 20 386   4  20   5   7   5  53]
 [ 62  11 285  14  61  23  27  17]
 [ 31  31  18 252 132  12  14  10]
 [ 12  10  37  58 357  14   8   4]
 [ 37  21  50  24  47 231  74  16]
 [ 69   8  38  24  57  40 251  13]
 [ 81  92  19  26  15  21  39 206]]