accuracy:
[0.3361426293849945, 0.47666680812835693, 0.514835774898529, 0.5364687442779541, 0.5529699325561523, 0.5647078156471252, 0.5731600522994995, 0.5811116099357605, 0.5878775715827942, 0.5939829349517822, 0.600606381893158, 0.6030227541923523, 0.6113672256469727, 0.6154525279998779, 0.6200524568557739, 0.6246766448020935, 0.629502534866333, 0.6335426568984985, 0.6390708684921265, 0.6415706872940063, 0.6472275257110596, 0.6495466232299805, 0.6502176523208618, 0.6551617383956909, 0.6572582721710205]
val_accuracy:
[0.23493975400924683, 0.4324799180030823, 0.47640562057495117, 0.4871987998485565, 0.49648594856262207, 0.5185742974281311, 0.5178213119506836, 0.5163152813911438, 0.5341365337371826, 0.522088348865509, 0.5288654565811157, 0.5230923891067505, 0.5308734774589539, 0.5258533954620361, 0.5308734774589539, 0.5286144614219666, 0.5190762877464294, 0.531375527381897, 0.5323795080184937, 0.5366466045379639, 0.5346385836601257, 0.5316265225410461, 0.5215863585472107, 0.5321285128593445, 0.5233433842658997]

.\nets\MobileNetV3Small\MobileNetV3Small_E25_B16_A_1.25_D_0.2_AUGFULL_SHUFFLE
Images: 3999
Errors: 1888
Success rate: 52.788 %
Confusion matrix:
[[150  15  89  41  32   6  84  83]
 [ 11 355   6  26  11   8  11  72]
 [ 25  10 308  30  28  13  73  13]
 [ 25  31  40 264  84   9  26  21]
 [  9  10  54  88 283  10  41   5]
 [ 16  17  68  21  23 198 130  27]
 [ 31   6  43  17  27  24 332  20]
 [ 51 100  37  13  12  18  47 221]]