accuracy:
[0.2578674852848053, 0.4069705307483673, 0.4452127516269684, 0.47575095295906067, 0.4910999834537506, 0.5107773542404175, 0.5220310091972351, 0.5282853841781616, 0.5347587466239929, 0.5428799986839294, 0.5489813685417175, 0.5521172285079956, 0.5546203851699829, 0.5612710118293762, 0.563861072063446, 0.5681233406066895, 0.5688082575798035, 0.5720275640487671, 0.5752016305923462, 0.5791023373603821, 0.5817827582359314, 0.5810457468032837, 0.5851898193359375, 0.5854818820953369, 0.5859372615814209]
val_accuracy:
[0.2851405739784241, 0.38579317927360535, 0.42821285128593445, 0.42068272829055786, 0.4708835482597351, 0.47740963101387024, 0.49824297428131104, 0.4856927692890167, 0.5060241222381592, 0.48468875885009766, 0.5215863585472107, 0.5133032202720642, 0.5185742974281311, 0.5112951993942261, 0.5100401639938354, 0.5363956093788147, 0.5363956093788147, 0.5411646366119385, 0.5414156913757324, 0.5537148714065552, 0.5464357137680054, 0.549447774887085, 0.553463876247406, 0.5215863585472107, 0.5358935594558716]

GhostNet_E25_B8_Adam0.0001_AUGFULL_SHUFFLE
Images: 3999
Errors: 1811
Success rate: 54.714 %
Confusion matrix:
[[253  12  56  43  21  17  30  68]
 [ 17 363   7  25   3   4   5  76]
 [ 73  11 276  22  42  14  38  24]
 [ 61  29  17 276  81  11  11  14]
 [ 23   8  45  89 302  15  13   5]
 [ 50  31  49  20  48 212  70  20]
 [ 79   6  42  27  42  42 230  32]
 [ 70  65  16  21   7  16  28 276]]