accuracy:
[0.12991975247859955, 0.21165025234222412, 0.3408016264438629, 0.39552736282348633, 0.4299934506416321, 0.4559934139251709, 0.47427472472190857, 0.4869965612888336, 0.5035359859466553, 0.5116961598396301, 0.5222970843315125, 0.5301478505134583, 0.5361836552619934, 0.5443090796470642, 0.5513462424278259, 0.5544337034225464, 0.5599688291549683, 0.5666583180427551, 0.569936990737915, 0.5729097127914429, 0.5780415534973145, 0.5822798609733582, 0.5834932923316956, 0.5864937901496887, 0.59385085105896]
val_accuracy:
[0.15512047708034515, 0.273845374584198, 0.34036144614219666, 0.37324297428131104, 0.4038654565811157, 0.4317269027233124, 0.44377508759498596, 0.46837350726127625, 0.4821787178516388, 0.48845380544662476, 0.4912148714065552, 0.5012550354003906, 0.5085341334342957, 0.5178213119506836, 0.5100401639938354, 0.5230923891067505, 0.5298694968223572, 0.5291164517402649, 0.532881498336792, 0.5316265225410461, 0.5363956093788147, 0.5469377636909485, 0.5343875288963318, 0.5363956093788147, 0.5384036302566528]

EfficientNetV2B0_E25_B16_SGD0.01_AUGFULL_SHUFFLE
Images: 3999
Errors: 1895
Success rate: 52.613 %
Confusion matrix:
[[204  16  73  31  38  21  60  57]
 [ 16 360  11  18  14  16   7  58]
 [ 47  11 283  14  64  17  55   9]
 [ 35  36  23 179 178  15  28   6]
 [ 14  10  31  32 369  16  26   2]
 [ 24  17  57  14  53 224  98  13]
 [ 51   4  47   9  48  54 268  19]
 [ 64  78  36  14  19  29  42 217]]