accuracy:
[0.3188534379005432, 0.4724064767360687, 0.5209393501281738, 0.5466312170028687, 0.5611006617546082, 0.5729175209999084, 0.5811396241188049, 0.5904881358146667, 0.597069263458252, 0.6032888293266296, 0.608927845954895, 0.6139028072357178, 0.6198268532752991, 0.625281572341919, 0.6296968460083008, 0.6326693296432495, 0.6391531229019165, 0.6406792998313904, 0.6454422473907471, 0.6491551995277405, 0.6547385454177856, 0.657724916934967, 0.6611424088478088, 0.6649422645568848, 0.6663641929626465]
val_accuracy:
[0.355672687292099, 0.418172687292099, 0.4633534252643585, 0.5015060305595398, 0.49523091316223145, 0.5052710771560669, 0.5163152813911438, 0.5195783376693726, 0.5240963697433472, 0.5228413939476013, 0.5409136414527893, 0.5336345434188843, 0.5454317331314087, 0.5361445546150208, 0.5225903391838074, 0.5263554453849792, 0.5373995900154114, 0.5356425642967224, 0.5436747074127197, 0.5188252925872803, 0.5316265225410461, 0.5441766977310181, 0.5373995900154114, 0.5266064405441284, 0.5486947894096375]

.\nets\MobileNetV2\MobileNetV2_E25_B8_D_0.2_AUGFULL
Images: 3999
Errors: 1806
Success rate: 54.839 %
Confusion matrix:
[[279  16  45  59   9  16  40  36]
 [ 29 341   8  39   1  14   4  64]
 [ 85   6 285  25  29  23  36  11]
 [ 59  25  23 316  55  11   6   5]
 [ 24  11  48 111 265  21  19   1]
 [ 51  24  46  37  21 239  69  13]
 [ 79   5  46  32  19  49 255  15]
 [120  76  13  25   2  17  33 213]]