accuracy:
[0.299520879983902, 0.47881898283958435, 0.5212470889091492, 0.5485195517539978, 0.5635430812835693, 0.5774818062782288, 0.5878115296363831, 0.5947930812835693, 0.6052097082138062, 0.6134533286094666, 0.6218395233154297, 0.6264116168022156, 0.6350203156471252, 0.639703631401062, 0.6472831964492798, 0.6522481441497803, 0.6590592861175537, 0.6670352220535278, 0.6682103872299194, 0.6714334487915039, 0.6775422692298889, 0.6803063750267029, 0.6848019361495972, 0.6883136034011841, 0.6921833157539368]
val_accuracy:
[0.13227911293506622, 0.4641064405441284, 0.4942269027233124, 0.5150602459907532, 0.5075300931930542, 0.5283634662628174, 0.5223393440246582, 0.5263554453849792, 0.5358935594558716, 0.5394076108932495, 0.540411651134491, 0.5379015803337097, 0.5491967797279358, 0.545933723449707, 0.5429216623306274, 0.5379015803337097, 0.5421686768531799, 0.5449297428131104, 0.5464357137680054, 0.538654625415802, 0.5301204919815063, 0.547690749168396, 0.5429216623306274, 0.5439257025718689, 0.5537148714065552]

.\nets\MobileNetV3Large\MobileNetV3Large_E25_B16_A_1.25_D_0.5_AUGFULL_SHUFFLE
Images: 3999
Errors: 1820
Success rate: 54.489 %
Confusion matrix:
[[279  29  50  29  23   6  39  45]
 [ 20 410   6  17   7   2   2  36]
 [ 75  18 279  12  43  15  42  16]
 [ 57  44  24 251  95   6  13  10]
 [ 37  11  39  60 314   9  26   4]
 [ 56  39  47  21  48 169 104  16]
 [ 92  10  41  19  35  17 267  19]
 [ 83 135  14  11   9  13  24 210]]