accuracy:
[0.17545194923877716, 0.38432416319847107, 0.4797281324863434, 0.5149735808372498, 0.538210928440094, 0.552861213684082, 0.5639306306838989, 0.5709949731826782, 0.5791579484939575, 0.5832672715187073, 0.5908427238464355, 0.5945209264755249, 0.597966194152832, 0.6041301488876343, 0.6104609966278076, 0.6121123433113098, 0.6163224577903748, 0.6177409291267395, 0.6224134564399719, 0.627968966960907, 0.628104567527771, 0.6329439282417297, 0.63541579246521, 0.6366326212882996, 0.6408740282058716]
val_accuracy:
[0.19452811777591705, 0.33534136414527893, 0.4257028102874756, 0.4663654565811157, 0.49748995900154114, 0.4927208721637726, 0.5140562057495117, 0.5168172717094421, 0.5268574357032776, 0.5286144614219666, 0.5082831382751465, 0.5507028102874756, 0.5479417443275452, 0.5439257025718689, 0.5454317331314087, 0.5474397540092468, 0.5496987700462341, 0.5416666865348816, 0.5474397540092468, 0.5614959597587585, 0.5419176816940308, 0.5486947894096375, 0.5429216623306274, 0.5439257025718689, 0.5416666865348816]

MnasNet_E25_B8_A1.0_DEPTH7_Adam0.0001_AUGFULL_SHUFFLE
Images: 3999
Errors: 1760
Success rate: 55.989 %
Confusion matrix:
[[253  21  37  31  44  18  30  66]
 [ 13 394   3  18   3   7   8  54]
 [ 71  16 255   8  60  30  42  18]
 [ 41  43  13 241 134  13   5  10]
 [ 20  13  38  60 329  21  17   2]
 [ 43  22  26  15  41 265  76  12]
 [ 74   8  31  17  42  49 264  15]
 [ 75  92   9  15  11  24  35 238]]