accuracy:
[0.238741934299469, 0.40307214856147766, 0.4421311616897583, 0.46566951274871826, 0.4825357496738434, 0.4965161979198456, 0.5121933221817017, 0.5191053152084351, 0.5254054069519043, 0.5345252156257629, 0.540634036064148, 0.5448027849197388, 0.5526987314224243, 0.5550873279571533, 0.5597602128982544, 0.5620654225349426, 0.5664705634117126, 0.5690990686416626, 0.5724647045135498, 0.5763448476791382, 0.5792306661605835, 0.5809621214866638, 0.5845884680747986, 0.5866293907165527, 0.5893239378929138]
val_accuracy:
[0.2351907640695572, 0.35517069697380066, 0.4038654565811157, 0.4284638464450836, 0.4093875586986542, 0.44528111815452576, 0.4769076406955719, 0.4723895490169525, 0.4962349534034729, 0.48694780468940735, 0.48318272829055786, 0.4904618561267853, 0.5075300931930542, 0.4939759075641632, 0.516566276550293, 0.5138052105903625, 0.49899598956108093, 0.5095381736755371, 0.5183233022689819, 0.5160642862319946, 0.5128012299537659, 0.5065261125564575, 0.5117971897125244, 0.4864457845687866, 0.5168172717094421]

MobileNetV3Large_E25_B16_A_0.5_D_0.2_AUGFULL_SHUFFLE_MINI
Images: 3999
Errors: 1984
Success rate: 50.388 %
Confusion matrix:
[[189  15  52  55  35  14 113  27]
 [ 15 372  14  20  10   6  24  39]
 [ 55  17 245  25  57   9  91   1]
 [ 28  31  20 238 136   9  26  12]
 [ 14  14  43  61 314  10  42   2]
 [ 19  21  47  26  53 171 154   9]
 [ 41   5  24  14  36  24 349   7]
 [ 88 110  35  29   9  16  75 137]]