accuracy:
[0.135078564286232, 0.2906932234764099, 0.40131762623786926, 0.46319010853767395, 0.49473994970321655, 0.5171603560447693, 0.5333263874053955, 0.5453240275382996, 0.5526456832885742, 0.5584967136383057, 0.5658392310142517, 0.5700841546058655, 0.5751599073410034, 0.5785843133926392, 0.584417998790741, 0.587967574596405, 0.5919865369796753, 0.5960193276405334, 0.5973160862922668, 0.6018391251564026, 0.6048532724380493, 0.6083646416664124, 0.6090043187141418, 0.6143338680267334, 0.6147615313529968]
val_accuracy:
[0.1666666716337204, 0.2753514051437378, 0.3677208721637726, 0.4241967797279358, 0.4480421543121338, 0.45205822587013245, 0.4879518151283264, 0.4917168617248535, 0.5042670965194702, 0.5112951993942261, 0.4939759075641632, 0.5100401639938354, 0.516566276550293, 0.5308734774589539, 0.5245984196662903, 0.514809250831604, 0.5338855385780334, 0.5168172717094421, 0.523845374584198, 0.5419176816940308, 0.5439257025718689, 0.5371485948562622, 0.5318775177001953, 0.5449297428131104, 0.513052225112915]

MnasNet_E25_B8_A0.5_DEPTH5_Adam0.0001_AUGFULL_SHUFFLE
Images: 3999
Errors: 1851
Success rate: 53.713 %
Confusion matrix:
[[236  18  42  42  25  16  76  45]
 [ 19 401   4  12  12   8   8  36]
 [ 79  10 256  14  44  25  62  10]
 [ 51  40  25 232 105  14  27   6]
 [ 19  12  42  61 304  23  37   2]
 [ 30  27  41  16  32 251  98   5]
 [ 71   8  33  18  26  51 286   7]
 [ 86 115  17  12   9  26  52 182]]