accuracy:
[0.13259977102279663, 0.13569392263889313, 0.13970240950584412, 0.14625921845436096, 0.14885620772838593, 0.15942497551441193, 0.1788555085659027, 0.21769919991493225, 0.25635167956352234, 0.28721317648887634, 0.3177444040775299, 0.32931095361709595, 0.3464086949825287, 0.3641252815723419, 0.38639965653419495, 0.4011577069759369, 0.4130128026008606, 0.42794811725616455, 0.4347309172153473, 0.44448962807655334, 0.4530593752861023, 0.46050965785980225, 0.46640244126319885, 0.47368237376213074, 0.4808754026889801]
val_accuracy:
[0.13513512909412384, 0.15290290117263794, 0.16141140460968018, 0.1599099040031433, 0.15740740299224854, 0.15715715289115906, 0.18318317830562592, 0.1976976990699768, 0.22572572529315948, 0.2597597539424896, 0.2767767906188965, 0.29604604840278625, 0.31606605648994446, 0.3233233094215393, 0.3546046018600464, 0.3681181073188782, 0.38513514399528503, 0.3941441476345062, 0.4086586534976959, 0.4044044017791748, 0.41266265511512756, 0.4154154062271118, 0.43068069219589233, 0.4301801919937134, 0.44144144654273987]

EfficientNetB0_E25_B4_AUGFULL_SHUFFLE_lr_00001
Images: 3999
Errors: 2614
Success rate: 34.634 %
Confusion matrix:
[[185  29 104  35  45   9  55  38]
 [ 35 272  85  18  14   9  20  47]
 [ 89  21 181  22  49  18  94  26]
 [ 70  43 100 122 107   7  40  11]
 [ 45  16  96  55 227   9  45   7]
 [ 61  45 110  24  36  72 134  18]
 [ 74  22  97  11  31  38 205  22]
 [108  70  78  21  18  16  67 121]]