accuracy:
[0.2192358523607254, 0.3777812421321869, 0.4301348924636841, 0.462637335062027, 0.4816054701805115, 0.5004206895828247, 0.5130823254585266, 0.5193575024604797, 0.529310941696167, 0.5389514565467834, 0.5443053841590881, 0.5454874038696289, 0.5537964105606079, 0.5565394163131714, 0.5590460300445557, 0.5630580186843872, 0.5674002170562744, 0.5690099000930786, 0.5747810006141663, 0.5761959552764893, 0.5784626603126526, 0.5802322626113892, 0.5823459625244141, 0.5833055377006531, 0.5866221785545349]
val_accuracy:
[0.2507530152797699, 0.33659639954566956, 0.389809250831604, 0.4307228922843933, 0.4324799180030823, 0.4470381438732147, 0.456827312707901, 0.4648594260215759, 0.46084338426589966, 0.48619478940963745, 0.48920682072639465, 0.4917168617248535, 0.49071285128593445, 0.48920682072639465, 0.501757025718689, 0.48845380544662476, 0.49071285128593445, 0.5110442042350769, 0.5133032202720642, 0.5112951993942261, 0.5175702571868896, 0.5140562057495117, 0.5087851285934448, 0.5188252925872803, 0.5022590160369873]

ShuffleNet_E25_B8_Channels128_Adam0.0001_AUGFULL_SHUFFLE
Images: 3999
Errors: 1948
Success rate: 51.288 %
Confusion matrix:
[[200  14 103  14  21  22  44  82]
 [ 24 385  11   5   6   8   4  57]
 [ 58  13 314   9  34  20  33  19]
 [ 66  43  47 162 126  19  15  22]
 [ 34  13  54  46 292  32  25   4]
 [ 36  22  70  13  29 239  67  24]
 [ 80  10  64   9  25  71 219  22]
 [ 75  77  43   3   6  28  27 240]]