accuracy:
[0.308204710483551, 0.4648727476596832, 0.5197990536689758, 0.5475977063179016, 0.5712557435035706, 0.5934988260269165, 0.6168370246887207, 0.6392087340354919, 0.6586079597473145, 0.6751946806907654, 0.6882631182670593, 0.7017243504524231, 0.7129154205322266, 0.7243707180023193, 0.7319392561912537, 0.7433249950408936, 0.7529133558273315, 0.7611458897590637, 0.7715338468551636, 0.7810457348823547, 0.7897962927818298, 0.7975351214408875, 0.806104838848114, 0.8143686652183533, 0.8198512196540833]
val_accuracy:
[0.125, 0.37474900484085083, 0.4151606559753418, 0.398845374584198, 0.4844377636909485, 0.49874499440193176, 0.4904618561267853, 0.4686245024204254, 0.48694780468940735, 0.46234938502311707, 0.4480421543121338, 0.4686245024204254, 0.4196787178516388, 0.4663654565811157, 0.45356425642967224, 0.46310240030288696, 0.46762049198150635, 0.4643574357032776, 0.4636044204235077, 0.452309250831604, 0.42143574357032776, 0.46034136414527893, 0.46611446142196655, 0.4671184718608856, 0.45281124114990234]

NASNetMobile_E25_B8
Images: 3999
Errors: 2345
Success rate: 41.360 %
Confusion matrix:
[[237  23 150  47   8   1  16  18]
 [ 29 360  50  27   1   3   2  28]
 [ 85  15 344  17  13   4  14   8]
 [ 81  46  95 222  43   3   4   6]
 [ 64  17 140 106 163   1   8   1]
 [ 85  37 160  43  19  93  55   8]
 [127  22 135  34  13  13 150   6]
 [141 118  98  23   1  13  20  85]]