accuracy:
[0.1383882611989975, 0.29978445172309875, 0.38232165575027466, 0.42301487922668457, 0.4555346965789795, 0.4835453927516937, 0.5015053749084473, 0.5184675455093384, 0.5309379696846008, 0.5379189252853394, 0.5476289987564087, 0.5550028085708618, 0.5617890357971191, 0.5678313374519348, 0.5710019469261169, 0.5785738825798035, 0.5818175673484802, 0.5855444073677063, 0.5912494659423828, 0.5956090688705444, 0.5964226126670837, 0.6008343696594238, 0.6034626364707947, 0.6063551902770996, 0.6119072437286377]
val_accuracy:
[0.19954819977283478, 0.3029618561267853, 0.37851405143737793, 0.4068775177001953, 0.4380020201206207, 0.45732930302619934, 0.48393574357032776, 0.49071285128593445, 0.5095381736755371, 0.5133032202720642, 0.516566276550293, 0.5286144614219666, 0.5286144614219666, 0.532881498336792, 0.5316265225410461, 0.5316265225410461, 0.5419176816940308, 0.5451807379722595, 0.5416666865348816, 0.5469377636909485, 0.5519578456878662, 0.553463876247406, 0.5479417443275452, 0.5532128810882568, 0.5384036302566528]

EfficientNetV2B0_E25_B8_SGD0.01_AUGFULL_SHUFFLE
Images: 3999
Errors: 1829
Success rate: 54.264 %
Confusion matrix:
[[258  12  59  44  22  14  39  52]
 [ 19 363   9  16   7   7   7  72]
 [ 78   6 294  14  37  20  36  15]
 [ 49  32  43 241  95  13  16  11]
 [ 25   8  48  64 317  14  18   6]
 [ 37  17  63  19  45 234  70  15]
 [ 77   4  50  20  36  59 234  20]
 [ 91  80  27  14   4  22  32 229]]