accuracy:
[0.26618826389312744, 0.4296075403690338, 0.4701198935508728, 0.49589383602142334, 0.5145019888877869, 0.5275123715400696, 0.5370250344276428, 0.5489402413368225, 0.5535366535186768, 0.5579661726951599, 0.5639567971229553, 0.5667104721069336, 0.5725516080856323, 0.5766403675079346, 0.5810073018074036, 0.5839208960533142, 0.5876237750053406, 0.5909963250160217, 0.5937361121177673, 0.5965071320533752, 0.6018893122673035, 0.6029011011123657, 0.6072958111763, 0.6090725064277649, 0.6124276518821716]
val_accuracy:
[0.1844879537820816, 0.39759036898612976, 0.4299698770046234, 0.44754016399383545, 0.4671184718608856, 0.4879518151283264, 0.5045180916786194, 0.48468875885009766, 0.4598393440246582, 0.4731425642967224, 0.4844377636909485, 0.5125501751899719, 0.47715863585472107, 0.49799197912216187, 0.5047690868377686, 0.5213353633880615, 0.5097891688346863, 0.516566276550293, 0.5258533954620361, 0.5235943794250488, 0.5223393440246582, 0.5281124711036682, 0.5243473649024963, 0.5200803279876709, 0.531375527381897]

.\nets\MobileNetV3Small\MobileNetV3Small_E25_B16_A_1.25_D_0.2_AUGFULL_SHUFFLE_MINI
Images: 3999
Errors: 1912
Success rate: 52.188 %
Confusion matrix:
[[261   7  59  68  10  16  28  51]
 [ 23 311   7  35   8   8   1 107]
 [ 94   3 280  34  21  21  36  11]
 [ 39  25  33 300  65  14  10  14]
 [ 40   8  47 117 248  11  25   4]
 [ 54  20  63  36  22 215  76  14]
 [ 88   3  41  35  27  42 242  22]
 [104  58  24  26   6  23  28 230]]