accuracy:
[0.14357878267765045, 0.3691558837890625, 0.4571860730648041, 0.49520233273506165, 0.5231921672821045, 0.5412042737007141, 0.5540432333946228, 0.5643095374107361, 0.5747184157371521, 0.5791510343551636, 0.5851133465766907, 0.5894034504890442, 0.5945348143577576, 0.6005805730819702, 0.6037685871124268, 0.6072695255279541, 0.6150605082511902, 0.6195661425590515, 0.6212661862373352, 0.6243568062782288, 0.630520761013031, 0.6352350115776062, 0.6399978995323181, 0.6410825848579407, 0.6466764211654663]
val_accuracy:
[0.1867469847202301, 0.27409639954566956, 0.4086345434188843, 0.4435240924358368, 0.4307228922843933, 0.4723895490169525, 0.4425200819969177, 0.4957329332828522, 0.5065261125564575, 0.525602400302887, 0.5278614163398743, 0.5271084308624268, 0.5225903391838074, 0.5419176816940308, 0.5474397540092468, 0.5321285128593445, 0.5614959597587585, 0.5449297428131104, 0.5532128810882568, 0.553463876247406, 0.5449297428131104, 0.5549699068069458, 0.5527108311653137, 0.5579819083213806, 0.5572289228439331]

DenseNet121_E25_B8_SGD0.01_AUGFULL_SHUFFLE
Images: 3999
Errors: 1801
Success rate: 54.964 %
Confusion matrix:
[[257  16  50  37  31  20  40  49]
 [ 21 379  20  16  11   8   6  39]
 [ 81   9 282  15  52  21  30  10]
 [ 40  32  21 240 130  12  12  13]
 [ 17   9  34  51 358  16  13   2]
 [ 42  23  56  14  54 243  57  11]
 [ 76   8  42  18  48  61 235  12]
 [ 86 107  24  20   7  27  24 204]]