accuracy:
[0.31191936135292053, 0.4691220223903656, 0.5147140622138977, 0.5357386469841003, 0.5493261814117432, 0.5636230111122131, 0.5756529569625854, 0.5831073522567749, 0.5918759703636169, 0.5994346737861633, 0.6066282987594604, 0.6142599582672119, 0.6211163401603699, 0.6290227174758911, 0.6339250802993774, 0.6418454051017761, 0.6453152894973755, 0.6512780785560608, 0.6547201871871948, 0.6584195494651794, 0.6635757684707642, 0.6667535901069641, 0.6720349192619324, 0.6737490296363831, 0.6763219237327576]
val_accuracy:
[0.1247459352016449, 0.3107215464115143, 0.46468496322631836, 0.48602643609046936, 0.4979674816131592, 0.48450204730033875, 0.5116869807243347, 0.526168704032898, 0.5091463327407837, 0.5119410753250122, 0.5215955376625061, 0.5243902206420898, 0.5205792784690857, 0.5236280560493469, 0.5213414430618286, 0.5104166865348816, 0.5208333134651184, 0.5279471278190613, 0.5182926654815674, 0.5162601470947266, 0.5203251838684082, 0.5282012224197388, 0.5304877758026123, 0.5215955376625061, 0.5302337408065796]

MobileNetV3Small_E25_B32_A_1.5_D_0.2_AUGFULL_SHUFFLE
Images: 3999
Errors: 1922
Success rate: 51.938 %
Confusion matrix:
[[235  17  86  25  22  15  51  49]
 [ 20 378  21  13  11   4  11  42]
 [ 57   8 320   9  34  12  46  14]
 [ 63  44  35 210 112  11  14  11]
 [ 31   8  63  67 281  14  33   3]
 [ 39  18  77  16  31 201  99  19]
 [ 60   8  56  15  27  35 279  20]
 [ 93  99  47  11   8  20  48 173]]