accuracy:
[0.11301974952220917, 0.20255179703235626, 0.36805033683776855, 0.4204213619232178, 0.4512098431587219, 0.4717598259449005, 0.4884995222091675, 0.5065985321998596, 0.5195035338401794, 0.5325824022293091, 0.5430433750152588, 0.5530489683151245, 0.5637637376785278, 0.5696391463279724, 0.5774092674255371, 0.5840599536895752, 0.5889410376548767, 0.5946982502937317, 0.6008309125900269, 0.6047559380531311, 0.6100438237190247, 0.6131657361984253, 0.6187838912010193, 0.6270928978919983, 0.6282644867897034]
val_accuracy:
[0.14181727170944214, 0.25175702571868896, 0.3599397540092468, 0.4076305329799652, 0.4186747074127197, 0.46009036898612976, 0.4560742974281311, 0.4703815281391144, 0.4849397540092468, 0.48268070816993713, 0.4942269027233124, 0.501757025718689, 0.5045180916786194, 0.513052225112915, 0.5195783376693726, 0.5128012299537659, 0.5253514051437378, 0.5145582556724548, 0.5301204919815063, 0.5110442042350769, 0.522088348865509, 0.5082831382751465, 0.5439257025718689, 0.5240963697433472, 0.5406626462936401]

EfficientNetB1_E25_B8_SGD0.01_AUGFULL_SHUFFLE
Images: 3999
Errors: 1777
Success rate: 55.564 %
Confusion matrix:
[[238  17  41  61  19  13  42  69]
 [ 16 389   5  21   6  12   5  46]
 [ 79   7 282  22  33  27  33  17]
 [ 52  32  28 278  71  17  14   8]
 [ 23  10  44  86 290  12  32   3]
 [ 33  19  47  20  26 248  90  17]
 [ 76   5  36  19  19  52 272  21]
 [ 78 103  17  23   3  25  25 225]]