accuracy:
[0.25085529685020447, 0.42188891768455505, 0.46516188979148865, 0.49715593457221985, 0.5183612704277039, 0.5322374105453491, 0.540908694267273, 0.5508038401603699, 0.5589814186096191, 0.5663975477218628, 0.5700691342353821, 0.5756668448448181, 0.5808612704277039, 0.5860626697540283, 0.5908364057540894, 0.5919837355613708, 0.5964272022247314, 0.6030088663101196, 0.6059537529945374, 0.6069655418395996, 0.6112942099571228, 0.614013135433197, 0.6175247430801392, 0.619541347026825, 0.6232789754867554]
val_accuracy:
[0.15461847186088562, 0.389809250831604, 0.41842368245124817, 0.4380020201206207, 0.47289156913757324, 0.47816264629364014, 0.48017069697380066, 0.4515562355518341, 0.47715863585472107, 0.48544177412986755, 0.4984939694404602, 0.5032630562782288, 0.5153112411499023, 0.5105421543121338, 0.5203313231468201, 0.5203313231468201, 0.5248494148254395, 0.5163152813911438, 0.5050200819969177, 0.5203313231468201, 0.5135542154312134, 0.5042670965194702, 0.5384036302566528, 0.5288654565811157, 0.5248494148254395]

.\nets\MobileNetV3Large\MobileNetV3Large_E25_B16_A_0.75_D_0.2_AUGFULL_SHUFFLE_MINI
Images: 3999
Errors: 1878
Success rate: 53.038 %
Confusion matrix:
[[247  10  36  26  12  17  81  71]
 [ 21 332   8  19   7  20  11  82]
 [ 80   6 240  13  20  27  97  17]
 [ 73  27  24 218  76  16  37  29]
 [ 36   6  59  65 261  19  48   6]
 [ 30  13  33  15  29 235 120  25]
 [ 57   8  23  17  16  28 329  22]
 [ 63  67  23  11   3  23  50 259]]