accuracy:
[0.2281097024679184, 0.3712102174758911, 0.4303411543369293, 0.4631766080856323, 0.49318188428878784, 0.5101941227912903, 0.5262676477432251, 0.540905237197876, 0.5484882593154907, 0.5541799068450928, 0.563793420791626, 0.5734798908233643, 0.5800198912620544, 0.5859583616256714, 0.5928390622138977, 0.5997301936149597, 0.6057103872299194, 0.6111029982566833, 0.6170240640640259, 0.6213701367378235, 0.6254554390907288, 0.6291722059249878, 0.6361746191978455, 0.6406736969947815, 0.6414037942886353]
val_accuracy:
[0.12881097197532654, 0.1356707364320755, 0.12398374080657959, 0.12423780560493469, 0.18241870403289795, 0.3358739912509918, 0.4603658616542816, 0.4463922679424286, 0.4146341383457184, 0.45071136951446533, 0.46265244483947754, 0.4781503975391388, 0.47281503677368164, 0.4578252136707306, 0.4766260087490082, 0.458841472864151, 0.49568089842796326, 0.48678863048553467, 0.5081300735473633, 0.4791666567325592, 0.4880589544773102, 0.48246949911117554, 0.5017784833908081, 0.4375, 0.5129573345184326]

NASNetMobile_E25_B32_AUGFULL_SHUFFLE
Images: 3999
Errors: 2242
Success rate: 43.936 %
Confusion matrix:
[[262  26  41  83  32   6  26  24]
 [ 43 336   9  25  23  10   6  48]
 [135  21 192  35  76   6  25  10]
 [ 44  33  16 247 151   2   4   3]
 [ 29   6  24 101 321   5  14   0]
 [ 87  34  44  50  85 105  88   7]
 [121  14  42  32  86  15 184   6]
 [149 114  43  28  25  11  19 110]]