accuracy:
[0.13326101005077362, 0.15527647733688354, 0.23285213112831116, 0.3302285075187683, 0.39669907093048096, 0.43117907643318176, 0.4579821825027466, 0.4804565906524658, 0.4936582148075104, 0.5108060836791992, 0.5234757661819458, 0.5347234010696411, 0.5401020646095276, 0.5474591255187988, 0.5563077330589294, 0.565434455871582, 0.5701177716255188, 0.5781875848770142, 0.5842825174331665, 0.5889102220535278, 0.5956692099571228, 0.6045839190483093, 0.607021152973175, 0.6095557808876038, 0.6128692626953125]
val_accuracy:
[0.16438008844852448, 0.16133129596710205, 0.19258129596710205, 0.3010670840740204, 0.3561991751194, 0.39151424169540405, 0.42047762870788574, 0.4491869807243347, 0.45401424169540405, 0.46239838004112244, 0.4890752136707306, 0.4811991751194, 0.48602643609046936, 0.5071138143539429, 0.5040650367736816, 0.5058435201644897, 0.5137194991111755, 0.5111788511276245, 0.517276406288147, 0.5188007950782776, 0.5231199264526367, 0.5134654641151428, 0.513973593711853, 0.5233739614486694, 0.5276930928230286]

EfficientNetB0_E25_B16_AUGFULL_SHUFFLE
Images: 3999
Errors: 1909
Success rate: 52.263 %
Confusion matrix:
[[253  20  57  40  37  13  48  32]
 [ 26 380  13  15   5   9   4  48]
 [ 92  12 272  15  44  15  44   6]
 [ 58  33  38 205 137   9   8  12]
 [ 28   8  42  59 332  14  16   1]
 [ 51  25  55  13  49 213  84  10]
 [ 85   3  39  14  47  43 261   8]
 [101 107  28  14   9  26  40 174]]