accuracy:
[0.067539282143116, 0.25131067633628845, 0.4612675607204437, 0.4883604645729065, 0.5097656846046448, 0.5283514261245728, 0.5386420488357544, 0.548345148563385, 0.5547281503677368, 0.5610033273696899, 0.5644659996032715, 0.5686969757080078, 0.5733173489570618, 0.5767070055007935, 0.5805659890174866, 0.5838756561279297, 0.5842928886413574, 0.5871610641479492, 0.5875782370567322, 0.5906132459640503, 0.5937143564224243, 0.5955117344856262, 0.5993289947509766, 0.6008448004722595, 0.6025552749633789]
val_accuracy:
[0.16942770779132843, 0.3461345434188843, 0.4078815281391144, 0.45055219531059265, 0.46762049198150635, 0.4897088408470154, 0.4882028102874756, 0.5080321431159973, 0.5035140514373779, 0.5155622363090515, 0.5233433842658997, 0.5100401639938354, 0.5288654565811157, 0.5376505851745605, 0.5341365337371826, 0.5308734774589539, 0.5203313231468201, 0.5426706671714783, 0.5439257025718689, 0.5461847186088562, 0.532881498336792, 0.5481927990913391, 0.5444276928901672, 0.5394076108932495, 0.5431727170944214]

SqueezeNet_E25_B8_COMPR1.0_D0.2_Adam0.0001_AUGFULL_SHUFFLE
Images: 3999
Errors: 1834
Success rate: 54.139 %
Confusion matrix:
[[276  15  53  37  11  10  20  78]
 [ 22 356   6  22   2   5   4  83]
 [ 84  16 269  18  33  14  36  30]
 [ 60  37  26 278  63  13   6  17]
 [ 40  13  32  95 278  13  22   7]
 [ 49  24  58  22  27 225  69  26]
 [ 93   7  47  30  29  48 223  23]
 [ 89  68  16  13   3  27  23 260]]