accuracy:
[0.1772562861442566, 0.3519885838031769, 0.4223369359970093, 0.4573216438293457, 0.48171672224998474, 0.5024023056030273, 0.5143199563026428, 0.5246801376342773, 0.5375260710716248, 0.5464226007461548, 0.5540953874588013, 0.5610659122467041, 0.5667292475700378, 0.5709254741668701, 0.5787407755851746, 0.5820296406745911, 0.584101676940918, 0.5888645648956299, 0.5937178134918213, 0.5986615419387817, 0.6019155979156494, 0.6085627675056458, 0.6096787452697754, 0.6144729256629944, 0.6152134537696838]
val_accuracy:
[0.2881526052951813, 0.3707329332828522, 0.4196787178516388, 0.4397590458393097, 0.45431727170944214, 0.47866466641426086, 0.4889558255672455, 0.4942269027233124, 0.5020080208778381, 0.5037650465965271, 0.5240963697433472, 0.5253514051437378, 0.5233433842658997, 0.5333835482597351, 0.5384036302566528, 0.5348895788192749, 0.5464357137680054, 0.5235943794250488, 0.5396586060523987, 0.5409136414527893, 0.5366466045379639, 0.5333835482597351, 0.5399096608161926, 0.5353915691375732, 0.5353915691375732]

EfficientNetB0_E25_B8_SGD0.01_AUGFULL_SHUFFLE
Images: 3999
Errors: 1851
Success rate: 53.713 %
Confusion matrix:
[[293  19  45  34  30   4  25  50]
 [ 26 391   5  13   9   5   5  46]
 [ 91  12 265  16  54   9  37  16]
 [ 51  30  31 256 109   6  12   5]
 [ 32   9  31  73 326   5  21   3]
 [ 54  28  53  28  47 163 111  16]
 [101   8  42  24  38  20 253  14]
 [117  99  12  20   7  10  33 201]]