accuracy:
[0.13178278505802155, 0.2737623453140259, 0.4131518602371216, 0.47424212098121643, 0.5012863278388977, 0.5250591039657593, 0.5444965958595276, 0.5530107021331787, 0.560756504535675, 0.5684675574302673, 0.5789215564727783, 0.5845118761062622, 0.5903733968734741, 0.5968815088272095, 0.6010429859161377, 0.6087226867675781, 0.6104888319969177, 0.6164476275444031, 0.6181963682174683, 0.6220623254776001, 0.6306703090667725, 0.6295821070671082, 0.6345918774604797, 0.6383326649665833, 0.6394555568695068]
val_accuracy:
[0.19929718971252441, 0.3119979798793793, 0.41390562057495117, 0.44603413343429565, 0.4738955795764923, 0.485190749168396, 0.5085341334342957, 0.5286144614219666, 0.525602400302887, 0.5230923891067505, 0.532881498336792, 0.5389056205749512, 0.5331325531005859, 0.5333835482597351, 0.5449297428131104, 0.5416666865348816, 0.5471887588500977, 0.5514557957649231, 0.5602409839630127, 0.5549699068069458, 0.5441766977310181, 0.5512048006057739, 0.5547188520431519, 0.5547188520431519, 0.5582329034805298]

EfficientNetB0_E25_B8_AUGFULL_SHUFFLE
Images: 3999
Errors: 1763
Success rate: 55.914 %
Confusion matrix:
[[264  26  65  46  15  14  31  39]
 [ 19 400   6  24   3   9   3  36]
 [ 66  10 301  15  45  19  38   6]
 [ 55  36  29 261  82   8  21   8]
 [ 24  11  42  64 323  11  23   2]
 [ 45  29  58  19  30 221  88  10]
 [ 79   8  49  10  36  37 273   8]
 [ 92 107  27  14   7  23  36 193]]