accuracy:
[0.33900755643844604, 0.4927542209625244, 0.5380368232727051, 0.5601774454116821, 0.5737893581390381, 0.5871822237968445, 0.59507817029953, 0.6027933359146118, 0.6125319600105286, 0.6198229789733887, 0.6278023719787598, 0.6338764429092407, 0.6424781680107117, 0.6491606831550598, 0.6544420123100281, 0.6602275371551514, 0.6649491190910339, 0.6705676913261414, 0.6761133074760437, 0.6815858483314514, 0.6846802830696106, 0.6899998784065247, 0.6920894384384155, 0.6963833570480347, 0.699780285358429]
val_accuracy:
[0.13127510249614716, 0.4648594260215759, 0.47941768169403076, 0.46762049198150635, 0.5112951993942261, 0.532881498336792, 0.5245984196662903, 0.5479417443275452, 0.5358935594558716, 0.5411646366119385, 0.5486947894096375, 0.5298694968223572, 0.5502008199691772, 0.532881498336792, 0.5371485948562622, 0.5318775177001953, 0.5384036302566528, 0.5366466045379639, 0.5469377636909485, 0.5449297428131104, 0.5454317331314087, 0.5446786880493164, 0.5544678568840027, 0.5454317331314087, 0.5434237122535706]

MobileNetV3Large_E25_B16_A_1.25_D_0.2_AUGFULL_SHUFFLE
Images: 3999
Errors: 1826
Success rate: 54.339 %
Confusion matrix:
[[219  23  81  45  22  20  55  35]
 [ 17 373   9  27   4  17  10  43]
 [ 39   6 305  26  43  26  48   7]
 [ 39  27  37 261  93  13  26   4]
 [ 11   7  47  63 310  19  42   1]
 [ 28  16  50  13  36 252  98   7]
 [ 41   8  48  20  25  55 290  13]
 [ 81 104  37  19   9  35  51 163]]