accuracy:
[0.15650813281536102, 0.37981852889060974, 0.4694896340370178, 0.508274257183075, 0.5281289219856262, 0.5485224723815918, 0.5592268109321594, 0.5659018158912659, 0.5737171173095703, 0.580447793006897, 0.5878076553344727, 0.5925288796424866, 0.6005666851997375, 0.6033931374549866, 0.6053400039672852, 0.6116499900817871, 0.6149040460586548, 0.6190202832221985, 0.619927704334259, 0.6249478459358215, 0.6284974217414856, 0.6336392760276794, 0.6330865025520325, 0.6361806392669678, 0.6420838832855225]
val_accuracy:
[0.20180723071098328, 0.3534136414527893, 0.4166666567325592, 0.45431727170944214, 0.49799197912216187, 0.5005019903182983, 0.5047690868377686, 0.5158132314682007, 0.516566276550293, 0.5281124711036682, 0.5356425642967224, 0.5371485948562622, 0.5251004099845886, 0.5416666865348816, 0.5464357137680054, 0.5173192620277405, 0.5449297428131104, 0.5484437942504883, 0.5579819083213806, 0.551706850528717, 0.5436747074127197, 0.5587349534034729, 0.5630019903182983, 0.5544678568840027, 0.5559738874435425]

MnasNet_E25_B8_A1.0_DEPTH1_Adam0.0001__AUGFULL_SHUFFLE
Images: 3999
Errors: 1816
Success rate: 54.589 %
Confusion matrix:
[[251  15  68  28  16  10  56  56]
 [ 22 382   7  19   6  13   5  46]
 [ 66   7 305  14  28  16  50  14]
 [ 67  34  36 216 107  13  19   8]
 [ 23  10  51  52 324  12  25   3]
 [ 35  22  56  21  40 222  89  15]
 [ 65   4  53  21  33  36 273  15]
 [ 90  95  22  15   5  24  38 210]]