accuracy:
[0.2526143789291382, 0.4670143127441406, 0.5146467685699463, 0.5409261584281921, 0.5539945960044861, 0.5648205876350403, 0.5701084733009338, 0.5791788101196289, 0.5840529799461365, 0.5929842591285706, 0.5944653153419495, 0.600344181060791, 0.6021068096160889, 0.6060665845870972, 0.6134890913963318, 0.6215720772743225, 0.6199833154678345, 0.6268565058708191, 0.6293839812278748, 0.6337957382202148, 0.6371749639511108, 0.6434884071350098, 0.6480287909507751, 0.6533896327018738, 0.653897225856781]
val_accuracy:
[0.3571787178516388, 0.3629518151283264, 0.4829317331314087, 0.4703815281391144, 0.4671184718608856, 0.5067771077156067, 0.5158132314682007, 0.5361445546150208, 0.5512048006057739, 0.5276104211807251, 0.5168172717094421, 0.5436747074127197, 0.5655120611190796, 0.5537148714065552, 0.5414156913757324, 0.5486947894096375, 0.5650100111961365, 0.5519578456878662, 0.5645080208778381, 0.5635040402412415, 0.5662650465965271, 0.5627509951591492, 0.5687751173973083, 0.5800702571868896, 0.5685241222381592]

DenseNet121_E25_B8_Adam0.0001_AUGFULL_SHUFFLE
Images: 3999      
Errors: 1774      
Success rate: 55.639 %
Confusion matrix: 
[[265  14  55  48  21   8  50  39]  
 [ 22 350  14  18   2  10   8  76]  
 [ 70   6 306  21  30  12  44  11]
 [ 37  35  27 255 102   7  16  21]
 [ 20   8  53  63 324   8  21   3]
 [ 31  17  75  33  31 225  77  11]
 [ 69   5  46  27  40  29 270  14]
 [ 88  69  26  13   7  18  48 230]]