accuracy:
[0.19596266746520996, 0.38119229674339294, 0.43125903606414795, 0.45785003900527954, 0.4765520691871643, 0.4889366328716278, 0.5027154088020325, 0.5129095911979675, 0.5212262272834778, 0.5301374197006226, 0.5348207354545593, 0.5410338640213013, 0.5456372499465942, 0.5526570081710815, 0.5564085245132446, 0.5609458684921265, 0.5633657574653625, 0.5665644407272339, 0.5710530877113342, 0.5740188360214233, 0.5775895714759827, 0.579178512096405, 0.5841608047485352, 0.58846515417099, 0.5882217884063721]
val_accuracy:
[0.15963855385780334, 0.3029618561267853, 0.3586847484111786, 0.4219377636909485, 0.4583333432674408, 0.4658634662628174, 0.4701305329799652, 0.4856927692890167, 0.5, 0.4748995900154114, 0.49221888184547424, 0.4688754975795746, 0.5020080208778381, 0.5060241222381592, 0.4856927692890167, 0.5251004099845886, 0.5193272829055786, 0.5102911591529846, 0.5062751173973083, 0.47640562057495117, 0.5105421543121338, 0.5283634662628174, 0.5180723071098328, 0.513052225112915, 0.5077811479568481]

MobileNetV3Large_E25_B16_A_0.5_D_0.5_AUGFULL_SHUFFLE_MINI
Images: 3999
Errors: 1948
Success rate: 51.288 %
Confusion matrix:
[[184  33  33  44   5  41  34 126]
 [ 10 395   5  14   6  18   2  50]
 [ 95  22 223  28  10  46  40  36]
 [ 56  52  22 262  55  21  10  22]
 [ 33  20  32 108 243  31  24   9]
 [ 27  32  29  28  17 284  57  26]
 [ 55  17  25  24  24 102 213  40]
 [ 35 121  10  17   2  44  23 247]]