accuracy:
[0.11771658807992935, 0.2238735854625702, 0.4157140851020813, 0.47567445039749146, 0.5067062973976135, 0.5271485447883606, 0.5439751148223877, 0.5536051988601685, 0.5653212070465088, 0.5736267566680908, 0.5766201019287109, 0.5891565680503845, 0.5921916365623474, 0.5959393978118896, 0.6021554470062256, 0.6080343723297119, 0.6156028509140015, 0.618829071521759, 0.6235050559043884, 0.6253059506416321, 0.6304442882537842, 0.6349534392356873, 0.6393026113510132, 0.6418196558952332, 0.6452996730804443]
val_accuracy:
[0.1621485948562622, 0.26581326127052307, 0.3639558255672455, 0.42143574357032776, 0.4382530152797699, 0.46009036898612976, 0.47715863585472107, 0.5040160417556763, 0.4992469847202301, 0.5067771077156067, 0.5067771077156067, 0.5271084308624268, 0.5391566157341003, 0.5230923891067505, 0.5218373537063599, 0.5331325531005859, 0.529618501663208, 0.540411651134491, 0.5399096608161926, 0.5133032202720642, 0.5371485948562622, 0.5323795080184937, 0.5389056205749512, 0.5376505851745605, 0.5326305031776428]

ShuffleNetV2_E25_B8_SC1.0_BOTTLENECK1_Adam0.0001_AUGFULL_SHUFFLE
Images: 3999
Errors: 1960
Success rate: 51.838 %
Confusion matrix:
[[298  20  50  31  14  15  31  41]
 [ 26 377   8  13   8   4   3  61]
 [116  14 277   8  38  16  27   4]
 [ 93  37  31 214  93  10   9  13]
 [ 56  12  44  69 278  19  19   3]
 [ 68  32  49  13  37 216  67  18]
 [114  14  37  18  28  51 228  10]
 [135  92  23  11   4  15  34 185]]