accuracy:
[0.29601621627807617, 0.45414718985557556, 0.5006154179573059, 0.5233540534973145, 0.5413398146629333, 0.553220272064209, 0.5644087791442871, 0.5725967884063721, 0.5816192626953125, 0.5886459946632385, 0.5958882570266724, 0.5979500412940979, 0.6050810813903809, 0.6078660488128662, 0.6122434139251709, 0.6185052394866943, 0.6205183267593384, 0.6259874105453491, 0.6304134726524353, 0.6374749541282654, 0.6362859010696411, 0.6401625871658325, 0.6443383097648621, 0.6459307074546814, 0.6529121994972229]
val_accuracy:
[0.15436747670173645, 0.35240963101387024, 0.4723895490169525, 0.4083835482597351, 0.456827312707901, 0.48920682072639465, 0.44603413343429565, 0.510793149471283, 0.5057730674743652, 0.5140562057495117, 0.5481927990913391, 0.5278614163398743, 0.5243473649024963, 0.5318775177001953, 0.5481927990913391, 0.507279098033905, 0.5353915691375732, 0.5373995900154114, 0.5185742974281311, 0.5268574357032776, 0.5396586060523987, 0.5251004099845886, 0.4939759075641632, 0.5429216623306274, 0.5158132314682007]

.\nets\MobileNetV3Large\MobileNetV3Large_E25_B16_A_1.25_D_0.2_AUGFULL_SHUFFLE_MINI
Images: 3999
Errors: 1852
Success rate: 53.688 %
Confusion matrix:
[[278  17  77  20  20  10  45  33]
 [ 27 388   9  15   4  18   7  32]
 [ 65   7 323   9  30  15  48   3]
 [ 74  38  41 185 116  13  26   7]
 [ 27   9  71  50 292  16  33   2]
 [ 38  22  55  12  27 232 108   6]
 [ 73   6  48   9  24  42 289   9]
 [117 105  28  14   5  31  39 160]]