accuracy:
[0.27766188979148865, 0.4443841874599457, 0.49823376536369324, 0.5313125848770142, 0.5481996536254883, 0.5647808313369751, 0.5740153789520264, 0.5829265117645264, 0.5898454785346985, 0.5965940952301025, 0.6020110249519348, 0.6079807877540588, 0.6148232221603394, 0.6169684529304504, 0.625406801700592, 0.6296659708023071, 0.6328576803207397, 0.6373393535614014, 0.6411152482032776, 0.6439279913902283, 0.6465460658073425, 0.6512537598609924, 0.6505827307701111, 0.6575190424919128, 0.6586942076683044]
val_accuracy:
[0.1465863436460495, 0.38353413343429565, 0.44001004099845886, 0.4472891688346863, 0.4405120611190796, 0.507279098033905, 0.5102911591529846, 0.49824297428131104, 0.48845380544662476, 0.5115461945533752, 0.5321285128593445, 0.5353915691375732, 0.5258533954620361, 0.5110442042350769, 0.5389056205749512, 0.5381526350975037, 0.5266064405441284, 0.5331325531005859, 0.5411646366119385, 0.5391566157341003, 0.5210843086242676, 0.5358935594558716, 0.5092871189117432, 0.5353915691375732, 0.5373995900154114]

MobileNetV2_E25_B16_D_0.2_AUGFULL_SHUFFLE
Images: 3999
Errors: 1841
Success rate: 53.963 %
Confusion matrix:
[[306   8  76  26  10   9  20  45]
 [ 38 353  13  13   1  12   5  65]
 [ 93   4 319  11  19  23  26   5]
 [ 71  34  46 233  78  13  13  12]
 [ 38   7  73  86 264  13  16   3]
 [ 47  15  78  11  30 230  78  11]
 [ 92   5  64  16  22  47 240  14]
 [118  66  36  13   3  26  24 213]]