accuracy:
[0.3318382799625397, 0.4815344214439392, 0.5182013511657715, 0.5457345843315125, 0.5638559460639954, 0.5761744976043701, 0.5841399431228638, 0.5943897366523743, 0.6021674871444702, 0.6092498302459717, 0.6174204349517822, 0.6250278353691101, 0.6320163011550903, 0.6374123692512512, 0.6434968709945679, 0.6482427716255188, 0.654786229133606, 0.6599841713905334, 0.6634401679039001, 0.6692047715187073, 0.6725494861602783, 0.6764714121818542, 0.6819022297859192, 0.683814525604248, 0.6877433657646179]
val_accuracy:
[0.15562249720096588, 0.4294678568840027, 0.48694780468940735, 0.4897088408470154, 0.5082831382751465, 0.5316265225410461, 0.5198293328285217, 0.5384036302566528, 0.5306224822998047, 0.523845374584198, 0.5449297428131104, 0.5391566157341003, 0.5356425642967224, 0.5469377636909485, 0.5406626462936401, 0.5348895788192749, 0.5361445546150208, 0.5434237122535706, 0.5331325531005859, 0.5366466045379639, 0.5376505851745605, 0.5333835482597351, 0.5293674468994141, 0.5414156913757324, 0.5308734774589539]

.\nets\MobileNetV3Large\MobileNetV3Large_E25_B16_A_1_D_0.2_AUGFULL_SHUFFLE
Images: 3999
Errors: 1879
Success rate: 53.013 %
Confusion matrix:
[[186  28 109  53  25  21  41  37]
 [ 13 403  14  23   5  10   7  25]
 [ 29  10 342  23  42  23  24   7]
 [ 28  34  40 240 117  16  18   7]
 [ 17  11  54  77 303  11  25   2]
 [ 15  31  75  25  29 234  84   7]
 [ 51   9  68  22  28  49 264   9]
 [ 62 144  51  27   7  27  33 148]]