accuracy:
[0.20750583708286285, 0.3919253349304199, 0.42680519819259644, 0.45021140575408936, 0.4654296040534973, 0.4839264750480652, 0.4959251284599304, 0.5079793930053711, 0.5206872820854187, 0.5271751284599304, 0.5302382111549377, 0.5349424481391907, 0.5396952629089355, 0.545411229133606, 0.5502684116363525, 0.5587866902351379, 0.5614604353904724, 0.5640506744384766, 0.5681186318397522, 0.571783185005188, 0.5733895301818848, 0.5730904936790466, 0.5756877064704895, 0.5791715383529663, 0.5778816342353821]
val_accuracy:
[0.2166164666414261, 0.32479920983314514, 0.37675702571868896, 0.3830321431159973, 0.4324799180030823, 0.41716867685317993, 0.4083835482597351, 0.4769076406955719, 0.44829317927360535, 0.47138553857803345, 0.4658634662628174, 0.48418673872947693, 0.5, 0.5015060305595398, 0.4977409541606903, 0.4799196720123291, 0.5102911591529846, 0.5268574357032776, 0.5188252925872803, 0.5200803279876709, 0.49221888184547424, 0.5077811479568481, 0.5223393440246582, 0.5258533954620361, 0.49146586656570435]

MobileNetV3Large_E25_B16_A_0.5_D_0_AUGFULL_SHUFFLE_MINI
Images: 3999
Errors: 1910
Success rate: 52.238 %
Confusion matrix:
[[188  24  74  30  23  11  72  78]
 [ 14 375   9  12   7   9  11  63]
 [ 54  16 275  14  41  10  70  20]
 [ 45  47  39 210 104  13  30  12]
 [ 24  16  48  54 298  10  43   7]
 [ 24  24  56  10  31 218 114  23]
 [ 46   6  50  13  31  34 285  35]
 [ 47  96  30  19   6  16  45 240]]