accuracy:
[0.1256188303232193, 0.3577736020088196, 0.4815950393676758, 0.5275378823280334, 0.5502676963806152, 0.5674141049385071, 0.5818557739257812, 0.5922298431396484, 0.6014636158943176, 0.609796941280365, 0.6167674660682678, 0.6243916153907776, 0.6332012414932251, 0.6388714909553528, 0.6458698511123657, 0.6512168049812317, 0.6571235060691833, 0.6624913215637207, 0.6678591370582581, 0.6738736033439636, 0.6792101263999939, 0.6806668043136597, 0.6846439838409424, 0.6900222301483154, 0.6938291192054749]
val_accuracy:
[0.18423694372177124, 0.3571787178516388, 0.43398594856262207, 0.47866466641426086, 0.4949799180030823, 0.5120481848716736, 0.5303714871406555, 0.531375527381897, 0.5399096608161926, 0.5323795080184937, 0.5466867685317993, 0.5291164517402649, 0.5341365337371826, 0.5557228922843933, 0.5449297428131104, 0.5411646366119385, 0.5434237122535706, 0.5389056205749512, 0.5481927990913391, 0.5411646366119385, 0.5469377636909485, 0.5424196720123291, 0.5554718971252441, 0.5331325531005859, 0.5396586060523987]

ShuffleNetV2_E25_B8_SC1.25_BOTTLENECK1_Adam0.0001_AUGFULL_SHUFFLE
Images: 3999
Errors: 1843
Success rate: 53.913 %
Confusion matrix:
[[200  19 112  47  22  10  34  56]
 [ 18 367  17  18   6   8   5  61]
 [ 43   5 349  16  30  15  31  11]
 [ 41  31  61 245  82  11  14  15]
 [ 18   7  69  75 291  15  22   3]
 [ 32  24  79  11  32 214  89  19]
 [ 55   8  72  15  29  35 272  14]
 [ 69  98  42  19   4  18  31 218]]