accuracy:
[0.2704995572566986, 0.41289427876472473, 0.4698452055454254, 0.505556046962738, 0.529132604598999, 0.5534010529518127, 0.5757051110267639, 0.6007871627807617, 0.6205078959465027, 0.6338277459144592, 0.6483505964279175, 0.6606621146202087, 0.6699314117431641, 0.6806471347808838, 0.6889776587486267, 0.6971100568771362, 0.7071894407272339, 0.7112678289413452, 0.7231969237327576, 0.732907772064209, 0.7368296384811401, 0.7445378303527832, 0.7498469948768616, 0.7553717494010925, 0.7612789273262024]
val_accuracy:
[0.1287650614976883, 0.14006024599075317, 0.23870481550693512, 0.3930722773075104, 0.4068775177001953, 0.4264558255672455, 0.45507028698921204, 0.4314759075641632, 0.43473896384239197, 0.46536144614219666, 0.4359939694404602, 0.42971888184547424, 0.43423694372177124, 0.4417670667171478, 0.4026104509830475, 0.38654619455337524, 0.4174196720123291, 0.44101405143737793, 0.4144076406955719, 0.4287148714065552, 0.42896586656570435, 0.41716867685317993, 0.4123995900154114, 0.4189257025718689, 0.42068272829055786]

NASNetMobile_E25_B16
Images: 3999
Errors: 2643
Success rate: 33.908 %
Confusion matrix:
[[311  18 129  12   1   2  26   1]
 [ 78 354  57   5   1   1   4   0]
 [167   9 277  10   6   5  26   0]
 [208  51  97 106  21   0  17   0]
 [156  23 161  49  86   2  23   0]
 [132  35 197   5   4  57  70   0]
 [167  26 128   6   2   7 163   1]
 [238 124  96   8   0   2  29   2]]