accuracy:
[0.22576282918453217, 0.4024393558502197, 0.4342873692512512, 0.4531145691871643, 0.47353416681289673, 0.4877997040748596, 0.4996836185455322, 0.5100829005241394, 0.5155102610588074, 0.526100754737854, 0.5305302739143372, 0.5354117751121521, 0.5416805744171143, 0.5456059575080872, 0.550456166267395, 0.5524449348449707, 0.5571491122245789, 0.5621036291122437, 0.5623469948768616, 0.5647634267807007, 0.5654240250587463, 0.5672841668128967, 0.5712929964065552, 0.5726419687271118, 0.5770541429519653]
val_accuracy:
[0.14382530748844147, 0.3245481848716736, 0.37776103615760803, 0.4246987998485565, 0.4337349534034729, 0.45933735370635986, 0.4302208721637726, 0.45933735370635986, 0.45481929183006287, 0.4673694670200348, 0.47515061497688293, 0.4754016101360321, 0.5030120611190796, 0.48393574357032776, 0.4919678568840027, 0.480672687292099, 0.4939759075641632, 0.49673694372177124, 0.5012550354003906, 0.4942269027233124, 0.5080321431159973, 0.49648594856262207, 0.5120481848716736, 0.5163152813911438, 0.49899598956108093]

MobileNetV3Small_E25_B16_A_0.75_D_0.2_AUGFULL_SHUFFLE_MINI
Images: 3999
Errors: 2065
Success rate: 48.362 %
Confusion matrix:
[[244  16  86  27  47   1  57  22]
 [ 30 366  27  20  11   1   7  38]
 [ 68   8 300  13  59   3  43   6]
 [ 59  33  53 186 146   2  13   8]
 [ 31   9  59  33 334   2  29   3]
 [ 41  31  99  14  57 109 144   5]
 [ 68   9  63  14  53  14 271   8]
 [120 103  54  15  20   6  57 124]]